Names,Time,Stack TC,Smoke TC,Exh Press,Smoke Comp,Smoke Meas,CO Meter,CO2 Meter,O2 Meter,Sample Mass,Ext Coeff,Start Test,Flame Verif
Chan Gain,,500,500,1,1,1,1,1,1,1,1,1.0,1.0
Offset,,0,0,0.13638153672218323,0,0,0,0,0,0,0,0.0,0.0
Gain,,1,1,25.01099967956543,13.054830551147461,13.414604187011719,1,1,1,1.0008689165115356,1.012976050376892,1.0,1.0
Units,sec,C,C,Pa,%,%,%,%,%,g,/m,,
Baseline,,19.71038818359375,20.048389434814453,157.7770538330078,98.44878387451172,97.36837005615234,0.00017904549895320088,0.04194534569978714,21.035707473754883,-832.983154296875,0.09810300171375275,,
1,0,18.610265731811523,19.618886947631836,158.2307891845703,99.0992660522461,98.60807037353516,0.0005333839799277484,0.04775121062994003,21.02933692932129,-336.8524475097656,0.044152550399303436,0.0,0.0
2,0.25,19.03394889831543,19.012680053710938,155.52345275878906,99.09846496582031,97.99522399902344,0.0005279422621242702,0.04772628843784332,21.02925682067871,-336.60223388671875,0.09947802126407623,0.0,0.0
3,0.5,18.519514083862305,18.831045150756836,157.75450134277344,99.09129333496094,97.89287567138672,0.0005279422621242702,0.047703858464956284,21.02925682067871,-336.7723693847656,0.1081196516752243,0.0,0.0
4,0.75,18.27030372619629,18.978281021118164,155.61428833007812,99.09806823730469,97.76105499267578,0.000525622337590903,0.04768367111682892,21.02922248840332,-336.6522521972656,0.12070062011480331,0.0,0.0
5,1,18.392940521240234,18.947404861450195,156.78590393066406,99.10922241210938,98.04598236083984,0.0005089541082270443,0.04766550287604332,21.029191970825195,-336.8124084472656,0.09584149718284607,0.0,0.0
6,1.25,18.114418029785156,19.341739654541016,159.01544189453125,99.10563659667969,98.2162857055664,0.0004939527134411037,0.04755691438913345,21.029163360595703,-336.7223205566406,0.08009856939315796,0.0,0.0
7,1.5,18.50188636779785,18.811763763427734,158.32620239257812,99.09209442138672,97.7258529663086,0.00048045144649222493,0.047459185123443604,21.029138565063477,-336.67230224609375,0.12336595356464386,0.0,0.0
8,1.75,18.497642517089844,19.2403507232666,157.46446228027344,99.11280822753906,97.39424896240234,0.00046830030623823404,0.04737122729420662,21.029346466064453,-336.7923889160156,0.1554250717163086,0.0,0.0
9,2,18.492769241333008,18.599117279052734,156.73553466796875,99.10603332519531,98.07300567626953,0.00045736428000964224,0.047292064875364304,21.02953338623047,-336.71234130859375,0.09310606122016907,0.0,0.0
10,2.25,18.584835052490234,19.007110595703125,158.470458984375,99.11002349853516,98.24739837646484,0.00044752185931429267,0.04722081869840622,21.029701232910156,-336.8023986816406,0.07767749577760696,0.0,0.0
11,2.5,18.116506576538086,18.806360244750977,154.79757690429688,99.09368896484375,97.45524597167969,0.0004120676312595606,0.04711413383483887,21.02985382080078,-336.7223205566406,0.14814724028110504,0.0,0.0
12,2.75,18.68546485900879,18.829771041870117,159.65811157226562,99.109619140625,97.51133728027344,0.0003801588318310678,0.04701811820268631,21.030120849609375,-336.7823791503906,0.14446285367012024,0.0,0.0
13,3,18.508596420288086,18.63773536682129,155.97760009765625,99.11599731445312,97.28658294677734,0.00035144088906235993,0.04701811820268631,21.03036117553711,-336.74237060546875,0.16553995013237,0.0,0.0
14,3.25,18.757753372192383,19.041770935058594,157.40492248535156,99.11161041259766,97.06060791015625,0.0003255947376601398,0.0468539334833622,21.03057861328125,-336.7623596191406,0.1858099400997162,0.0,0.0
15,3.5,18.61672019958496,19.26826286315918,155.06549072265625,99.11639404296875,97.16704559326172,0.0003023332101292908,0.0468539334833622,21.030773162841797,-336.7523498535156,0.1765000820159912,0.0,0.0
16,3.75,18.400775909423828,18.624113082885742,153.0802001953125,99.11519622802734,97.52198028564453,0.0002706433879211545,0.04676266387104988,21.030948638916016,-336.7523498535156,0.14399386942386627,0.0,0.0
17,4,18.20869255065918,18.922672271728516,155.63336181640625,99.11918640136719,98.11763000488281,0.00024212255084421486,0.046680521219968796,21.03110694885254,-336.7723693847656,0.090242899954319,0.0,0.0
18,4.25,18.300703048706055,18.909852981567383,159.13450622558594,99.11519622802734,98.36284637451172,0.00021645380184054375,0.04660659283399582,21.03125,-336.7323303222656,0.06770592927932739,0.0,0.0
19,4.5,18.35317611694336,18.776968002319336,159.6191864013672,99.10443878173828,97.75736999511719,0.00019335192337166518,0.04654005542397499,21.0313777923584,-336.7523498535156,0.12160761654376984,0.0,0.0
20,4.75,18.256317138671875,18.839675903320312,157.51101684570312,99.1231689453125,97.54039764404297,0.00017382530495524406,0.046480171382427216,21.031492233276367,-336.7323303222656,0.1430307775735855,0.0,0.0
21,5,18.633569717407227,19.10292625427246,154.0686492919922,99.12994384765625,97.35044860839844,0.00015625134983565658,0.04642627760767937,21.03159523010254,-336.7323303222656,0.16095884144306183,0.0,0.0
22,5.25,18.821229934692383,18.91387939453125,156.33709716796875,99.12754821777344,97.17687225341797,0.00014043478586245328,0.046349406242370605,21.031688690185547,-336.7223205566406,0.17660079896450043,0.0,0.0
23,5.5,18.46027374267578,19.013248443603516,156.12643432617188,99.11121368408203,97.25711059570312,0.0001261998841073364,0.04628022015094757,21.03177261352539,-336.7523498535156,0.1678031086921692,0.0,0.0
24,5.75,18.218385696411133,19.160158157348633,156.5607452392578,99.12754821777344,97.36846160888672,0.0001133884652517736,0.04621795192360878,21.031848907470703,-336.74237060546875,0.15909971296787262,0.0,0.0
25,6,18.749000549316406,18.972274780273438,157.3560791015625,99.12516021728516,97.58993530273438,0.00010185818973695859,0.04616191238164902,21.031917572021484,-336.7623596191406,0.13869667053222656,0.0,0.0
26,6.25,18.954553604125977,19.060867309570312,155.13265991210938,99.12077331542969,97.57479095458984,0.00010413463314762339,0.046125657856464386,21.031978607177734,-336.7823791503906,0.13968317210674286,0.0,0.0
27,6.5,18.8018798828125,19.13300323486328,158.21705627441406,99.10922241210938,97.58666229248047,0.00010618342639645562,0.04609302803874016,21.032033920288086,-336.7623596191406,0.13756613433361053,0.0,0.0
28,6.75,18.717458724975586,18.931617736816406,157.0530548095703,99.11918640136719,97.5244369506836,0.00010802734323078766,0.04606366157531738,21.03208351135254,-336.7723693847656,0.1441272646188736,0.0,0.0
29,7,19.010448455810547,19.37795639038086,156.3416748046875,99.13312530517578,97.30050659179688,0.00010968686547130346,0.046037230640649796,21.032127380371094,-336.7623596191406,0.165803000330925,0.0,0.0
30,7.25,18.60908317565918,19.183263778686523,155.2654571533203,99.1259536743164,97.81427764892578,0.00012320945097599179,0.04607018455862999,21.032167434692383,-336.7523498535156,0.11836479604244232,0.0,0.0
31,7.5,18.56460189819336,18.97628402709961,156.7431640625,99.11320495605469,97.38893127441406,0.00013537977065425366,0.046099841594696045,21.032203674316406,-336.7223205566406,0.1559465378522873,0.0,0.0
32,7.75,18.766704559326172,18.79100799560547,158.09034729003906,99.12356567382812,97.3402099609375,0.00013537977065425366,0.046126533299684525,21.032203674316406,-336.7223205566406,0.16132083535194397,0.0,0.0
33,8,18.462831497192383,19.073429107666016,159.64590454101562,99.13272857666016,97.46507263183594,0.0001463330554543063,0.046150557696819305,21.032236099243164,-336.74237060546875,0.15075229108333588,0.0,0.0
34,8.25,18.849658966064453,19.018260955810547,156.06919860839844,99.12715148925781,97.39097595214844,0.00015619101759511977,0.04617217928171158,21.032264709472656,-336.7523498535156,0.15701021254062653,0.0,0.0
35,8.5,18.9993896484375,19.27882957458496,160.7213592529297,99.11201477050781,97.36436462402344,0.00017963470600079745,0.046198733150959015,21.032291412353516,-336.7523498535156,0.1580810397863388,0.0,0.0
36,8.75,19.11271858215332,19.159793853759766,157.6239776611328,99.11958312988281,97.6386489868164,0.0002007340226555243,0.04622263088822365,21.03208351135254,-336.7523498535156,0.13376256823539734,0.0,0.0
37,9,18.381433486938477,19.099990844726562,157.1980743408203,99.12117767333984,97.38483428955078,0.00021972341346554458,0.04624414071440697,21.031896591186523,-336.7623596191406,0.15703414380550385,0.0,0.0
38,9.25,18.906963348388672,18.811267852783203,154.36402893066406,99.12396240234375,96.9607162475586,0.00023681385209783912,0.046263497322797775,21.031728744506836,-336.7623596191406,0.1960664689540863,0.0,0.0
39,9.5,18.901880264282227,19.390893936157227,158.5803680419922,99.1259536743164,97.61572265625,0.00026677799178287387,0.04628092050552368,21.031578063964844,-336.7723693847656,0.13642087578773499,0.0,0.0
40,9.75,18.96393394470215,19.205402374267578,157.75450134277344,99.12356567382812,97.56209564208984,0.00029374571749940515,0.046275317668914795,21.031442642211914,-336.7723693847656,0.14108970761299133,0.0,0.0
41,10,18.52170181274414,18.995607376098633,154.04421997070312,99.11241149902344,97.1674575805664,0.0003180166822858155,0.046270277351140976,21.031320571899414,-336.7623596191406,0.17610548436641693,0.0,0.0
42,10.25,18.52573013305664,19.2639102935791,154.73422241210938,99.12236785888672,97.01229858398438,0.0003398605331312865,0.04626573994755745,21.03120994567871,-336.7523498535156,0.19119834899902344,0.0,0.0
43,10.5,18.34600257873535,19.227012634277344,157.0461883544922,99.12077331542969,96.92427825927734,0.0003709403390530497,0.046261657029390335,21.031110763549805,-336.7723693847656,0.19912052154541016,0.0,0.0
44,10.75,18.594579696655273,19.136831283569336,155.3074493408203,99.12077331542969,96.94270324707031,0.00039891217602416873,0.046261657029390335,21.030790328979492,-336.7823791503906,0.1974320113658905,0.0,0.0
45,11,18.981779098510742,18.55189323425293,158.19033813476562,99.12874603271484,97.03604125976562,0.00042408681474626064,0.04623670503497124,21.030502319335938,-336.7923889160156,0.18959543108940125,0.0,0.0
46,11.25,18.547426223754883,19.495113372802734,163.1623077392578,99.1183853149414,97.2149429321289,0.00044674400123767555,0.04621424898505211,21.030242919921875,-336.7923889160156,0.17229966819286346,0.0,0.0
47,11.5,18.638439178466797,19.26118278503418,155.98294067382812,99.11519622802734,96.9341049194336,0.000472848565550521,0.04619403928518295,21.03000831604004,-336.7323303222656,0.197720006108284,0.0,0.0
48,11.75,19.076904296875,19.439849853515625,154.85406494140625,99.109619140625,97.13920593261719,0.0004963426617905498,0.04617584869265556,21.02979850769043,-336.7323303222656,0.17843861877918243,0.0,0.0
49,12,18.893823623657227,19.247652053833008,155.06320190429688,99.12077331542969,97.60426330566406,0.0005174873513169587,0.04615947604179382,21.02960968017578,-336.8124084472656,0.13699978590011597,0.0,0.0
50,12.25,18.898527145385742,19.546918869018555,161.95632934570312,99.12675476074219,97.03522491455078,0.000536517589353025,0.046102188527584076,21.02943992614746,-336.8224182128906,0.18949174880981445,0.0,0.0
51,12.5,18.776220321655273,18.78989028930664,153.7412109375,99.11679077148438,97.16377258300781,0.0005536447861231863,0.04605063050985336,21.029287338256836,-336.8124084472656,0.17683446407318115,0.0,0.0
52,12.75,18.51384925842285,19.33403778076172,160.10768127441406,99.1219711303711,97.25997161865234,0.0005690592806786299,0.04600422829389572,21.029150009155273,-336.7723693847656,0.16850577294826508,0.0,0.0
53,13,18.673870086669922,18.68754005432129,157.72930908203125,99.12435913085938,97.09663391113281,0.0005816625780425966,0.04596246778964996,21.02902603149414,-336.6622619628906,0.18365511298179626,0.0,0.0
54,13.25,19.060094833374023,19.227142333984375,157.44155883789062,99.11400604248047,97.07288360595703,0.000593005504924804,0.0458681583404541,21.028913497924805,-336.7523498535156,0.1849011778831482,0.0,0.0
55,13.5,18.397865295410156,18.795869827270508,159.5649871826172,99.11280822753906,96.83258056640625,0.0006032141391187906,0.04578327760100365,21.028812408447266,-336.8324279785156,0.20681723952293396,0.0,0.0
56,13.75,18.9118709564209,19.375038146972656,157.52857971191406,99.12715148925781,97.2681655883789,0.0006124019273556769,0.04570688679814339,21.02872085571289,-336.7723693847656,0.16822202503681183,0.0,0.0
57,14,19.301179885864258,18.660188674926758,161.68919372558594,99.12476348876953,97.30786895751953,0.000618131656665355,0.045638132840394974,21.02863883972168,-336.9625549316406,0.16438162326812744,0.0,0.0
58,14.25,18.764219284057617,19.396013259887695,155.4700164794922,99.11798858642578,97.46630096435547,0.0006232883897610009,0.04553372040390968,21.028797149658203,-337.0025634765625,0.14931809902191162,0.0,0.0
59,14.5,18.740541458129883,19.578866958618164,163.3699188232422,99.11679077148438,97.85398864746094,0.0006279294611886144,0.04543974623084068,21.028940200805664,-337.1526794433594,0.11393707245588303,0.0,0.0
60,14.75,18.80681610107422,19.3018798828125,156.8622283935547,99.12516021728516,96.9906005859375,0.0006321064429357648,0.0453551709651947,21.029067993164062,-337.4529724121094,0.19343632459640503,0.0,0.0
61,15,18.83521270751953,18.924814224243164,157.77053833007812,99.1259536743164,96.79901123046875,0.0006358657265082002,0.04527905210852623,21.02918243408203,-337.77325439453125,0.21107687056064606,0.0,0.0
62,15.25,18.76273536682129,19.040679931640625,159.78329467773438,99.1144027709961,97.33857727050781,0.000637345016002655,0.045210547745227814,21.029285430908203,-338.0634765625,0.16064882278442383,0.0,0.0
63,15.5,18.924598693847656,18.99901580810547,159.27952575683594,99.12077331542969,97.42904663085938,0.0006386763998307288,0.04512762650847435,21.02937889099121,-338.4938659667969,0.15296508371829987,0.0,0.0
64,15.75,18.69363784790039,18.733131408691406,155.85089111328125,99.12794494628906,97.52648162841797,0.0006398746045306325,0.04505299776792526,21.029462814331055,-338.6840515136719,0.14472654461860657,0.0,0.0
65,16,19.050743103027344,19.324050903320312,158.01097106933594,99.1219711303711,97.20675659179688,0.0006409530178643763,0.044985830783843994,21.029539108276367,-338.95428466796875,0.1733686625957489,0.0,0.0
66,16.25,18.985408782958984,19.595867156982422,153.91676330566406,99.12994384765625,97.26448059082031,0.0006419235724024475,0.04492538049817085,21.02983856201172,-339.0443420410156,0.16880923509597778,0.0,0.0
67,16.5,19.083871841430664,19.571273803710938,159.41310119628906,99.11997985839844,97.07902526855469,0.0006427970947697759,0.04487806186079979,21.030107498168945,-339.1844787597656,0.18487422168254852,0.0,0.0
68,16.75,18.69696617126465,19.06905746459961,160.99232482910156,99.12396240234375,97.60630798339844,0.0006435832474380732,0.04483547434210777,21.030349731445312,-339.3145751953125,0.13709886372089386,0.0,0.0
69,17,18.349224090576172,18.622636795043945,161.38616943359375,99.13352966308594,97.42904663085938,0.0006442907615564764,0.0447971485555172,21.030567169189453,-339.3345947265625,0.15410824120044708,0.0,0.0
70,17.25,18.328426361083984,18.618539810180664,160.56716918945312,99.12914276123047,97.39302062988281,0.0006449275533668697,0.04476265236735344,21.030763626098633,-339.2645263671875,0.15700188279151917,0.0,0.0
71,17.5,18.572193145751953,19.13707733154297,156.93016052246094,99.12277221679688,97.63005828857422,0.0006455006659962237,0.04473160579800606,21.030941009521484,-339.2845458984375,0.1348309963941574,0.0,0.0
72,17.75,18.748422622680664,19.071882247924805,154.62583923339844,99.1144027709961,97.45524597167969,0.0006460164440795779,0.044646963477134705,21.031099319458008,-339.3145751953125,0.15000450611114502,0.0,0.0
73,18,19.25595474243164,19.50042724609375,160.06646728515625,99.13312530517578,96.8931655883789,0.0006464806501753628,0.04457078501582146,21.03124237060547,-339.4647216796875,0.20308049023151398,0.0,0.0
74,18.25,18.798961639404297,18.508804321289062,158.80323791503906,99.12077331542969,96.7715835571289,0.0006532463012263179,0.044502224773168564,21.031370162963867,-339.4647216796875,0.21313096582889557,0.0,0.0
75,18.5,19.120506286621094,19.92214584350586,156.89047241210938,99.11519622802734,96.78713989257812,0.0006593353464268148,0.04444052278995514,21.03148651123047,-339.4847412109375,0.21120204031467438,0.0,0.0
76,18.75,18.86602020263672,18.990549087524414,157.52169799804688,99.1183853149414,97.29026794433594,0.0006648154812864959,0.04437081515789032,21.031591415405273,-339.5047302246094,0.16541725397109985,0.0,0.0
77,19,18.131824493408203,19.218063354492188,159.24899291992188,99.11918640136719,97.37214660644531,0.0006697476492263377,0.04430807754397392,21.03168487548828,-339.4847412109375,0.15801340341567993,0.0,0.0
78,19.25,19.031829833984375,19.302104949951172,157.39500427246094,99.11002349853516,96.96562957763672,0.0006741865654475987,0.044251613318920135,21.031768798828125,-339.5747985839844,0.19436702132225037,0.0,0.0
79,19.5,18.189790725708008,19.394420623779297,154.1510772705078,99.11241149902344,97.09745025634766,0.0006781815900467336,0.044200796633958817,21.031845092773438,-339.5747985839844,0.18250954151153564,0.0,0.0
80,19.75,18.81726837158203,19.275896072387695,156.4187774658203,99.1156005859375,97.04095458984375,0.00069702003384009,0.044147975742816925,21.03191375732422,-339.6248474121094,0.18796734511852264,0.0,0.0
81,20,19.08574867248535,19.47904396057129,160.14202880859375,99.1183853149414,97.0204849243164,0.000713974644895643,0.04410043731331825,21.03197479248047,-339.6849060058594,0.1900910586118698,0.0,0.0
82,20.25,18.85987663269043,18.902402877807617,158.2307891845703,99.11161041259766,97.62063598632812,0.0007292337832041085,0.04405765235424042,21.03203010559082,-339.7049255371094,0.13468702137470245,0.0,0.0
83,20.5,19.196321487426758,19.080900192260742,154.62583923339844,99.10922241210938,96.8530502319336,0.0007429670076817274,0.044019147753715515,21.032079696655273,-339.65484619140625,0.20461781322956085,0.0,0.0
84,20.75,18.819005966186523,19.20473861694336,161.80673217773438,99.1183853149414,97.03972625732422,0.0007585041457787156,0.043984491378068924,21.03212547302246,-339.65484619140625,0.1883292943239212,0.0,0.0
85,21,18.886980056762695,19.278751373291016,157.8857879638672,99.1144027709961,97.60836029052734,0.0007724876049906015,0.0439533032476902,21.03216552734375,-339.5948181152344,0.13605576753616333,0.0,0.0
86,21.25,18.961505889892578,19.30315589904785,154.6121063232422,99.10643768310547,97.23909759521484,0.0007850726833567023,0.04392523318529129,21.032201766967773,-339.6248474121094,0.16902023553848267,0.0,0.0
87,21.5,19.225040435791016,19.823211669921875,155.11814880371094,99.12277221679688,96.91814422607422,0.000796399253886193,0.04389996826648712,21.03223419189453,-339.6048278808594,0.19986209273338318,0.0,0.0
88,21.75,18.837039947509766,19.60078239440918,158.05294799804688,99.11878204345703,96.76380157470703,0.0008021451067179441,0.04387723281979561,21.032262802124023,-339.5848083496094,0.2136666476726532,0.0,0.0
89,22,18.877941131591797,19.88164520263672,156.81796264648438,99.09846496582031,96.44776153564453,0.0008073163917288184,0.043849680572748184,21.032058715820312,-339.5347595214844,0.24091465771198273,0.0,0.0
90,22.25,18.696672439575195,19.35272216796875,155.99209594726562,99.10842895507812,97.31442260742188,0.0008119705016724765,0.04382488504052162,21.031875610351562,-339.5447692871094,0.16231833398342133,0.0,0.0
91,22.5,18.825897216796875,19.348278045654297,155.99362182617188,99.09886169433594,97.67754364013672,0.0008161592413671315,0.043802566826343536,21.031709671020508,-339.5247802734375,0.1283663809299469,0.0,0.0
92,22.75,18.48739242553711,19.090412139892578,157.30264282226562,99.10285186767578,97.64397430419922,0.0008167525520548224,0.04378248378634453,21.03156089782715,-339.4947509765625,0.13177774846553802,0.0,0.0
93,23,18.88426971435547,19.256322860717773,157.1248016357422,99.10443878173828,97.19447326660156,0.0008172865491360426,0.04376440867781639,21.03142738342285,-339.3946533203125,0.1729198843240738,0.0,0.0
94,23.25,18.643484115600586,19.825037002563477,156.2317657470703,99.10205078125,96.97545623779297,0.0008177671697922051,0.04374814033508301,21.031307220458984,-339.2845458984375,0.1927511990070343,0.0,0.0
95,23.5,18.820858001708984,19.04867172241211,154.4449462890625,99.09966278076172,96.59432220458984,0.0008181997109204531,0.04373349994421005,21.031198501586914,-339.1644592285156,0.22752927243709564,0.0,0.0
96,23.75,19.306482315063477,19.385440826416016,158.90093994140625,99.1032485961914,97.02662658691406,0.0008166837505996227,0.04372032359242439,21.03110122680664,-339.0543518066406,0.1881716549396515,0.0,0.0
97,24,19.27956771850586,19.660602569580078,157.49880981445312,99.10723114013672,97.0949935913086,0.000815319421235472,0.04370846226811409,21.03101348876953,-338.93426513671875,0.18226981163024902,0.0,0.0
98,24.25,18.791950225830078,19.250579833984375,156.13101196289062,99.10045623779297,97.10113525390625,0.0008140915306285024,0.04372613504528999,21.030933380126953,-338.8441467285156,0.18110017478466034,0.0,0.0
99,24.5,18.106964111328125,19.51811981201172,153.9449920654297,99.10922241210938,96.87883758544922,0.0008129863999783993,0.043742042034864426,21.03086280822754,-338.70404052734375,0.20225217938423157,0.0,0.0
100,24.75,18.64943504333496,19.405691146850586,155.27462768554688,99.11121368408203,97.20307159423828,0.0008119918056763709,0.043756358325481415,21.030797958374023,-338.63397216796875,0.17274120450019836,0.0,0.0
101,25,18.6240177154541,18.993024826049805,155.2303466796875,99.1108169555664,97.39466094970703,0.0008110966300591826,0.043769240379333496,21.03074073791504,-338.5238952636719,0.15520958602428436,0.0,0.0
102,25.25,18.71323013305664,18.663110733032227,155.84555053710938,99.09767150878906,97.13756561279297,0.0008039401727728546,0.043809182941913605,21.030689239501953,-338.4438171386719,0.17751769721508026,0.0,0.0
103,25.5,18.672452926635742,18.90024185180664,157.28662109375,99.10045623779297,97.27021026611328,0.0007974993786774576,0.04384513199329376,21.030345916748047,-338.393798828125,0.16564184427261353,0.0,0.0
104,25.75,18.694440841674805,18.979930877685547,161.9029083251953,99.09806823730469,97.31974029541016,0.0007917026523500681,0.043877486139535904,21.03003692626953,-338.333740234375,0.1609036922454834,0.0,0.0
105,26,18.90401840209961,19.535709381103516,157.26219177246094,99.10802459716797,97.17073059082031,0.0007864856161177158,0.04390660673379898,21.02975845336914,-338.24365234375,0.17541277408599854,0.0,0.0
106,26.25,19.108631134033203,19.826684951782227,160.7373809814453,99.0869140625,97.38197326660156,0.000781790295150131,0.04393990337848663,21.029508590698242,-338.20361328125,0.15422378480434418,0.0,0.0
107,26.5,18.445405960083008,18.99830436706543,155.78372192382812,99.10603332519531,96.6991195678711,0.0007775644771754742,0.04396986961364746,21.02928352355957,-338.103515625,0.2184656262397766,0.0,0.0
108,26.75,18.69573974609375,19.470218658447266,156.2378692626953,99.10045623779297,96.8264389038086,0.0007819704478606582,0.043996840715408325,21.029081344604492,-338.0434875488281,0.2062738984823227,0.0,0.0
109,27,19.224721908569336,19.666471481323242,157.69879150390625,99.10643768310547,96.80760955810547,0.0007859358447603881,0.0440211147069931,21.02898406982422,-337.9433898925781,0.20853810012340546,0.0,0.0
110,27.25,19.038724899291992,19.427413940429688,157.47132873535156,99.08412170410156,96.8387222290039,0.0007895046728663146,0.044042959809303284,21.02889633178711,-337.86334228515625,0.20368199050426483,0.0,0.0
111,27.5,18.995281219482422,19.239765167236328,157.41331481933594,99.10882568359375,97.0753402709961,0.0007927166298031807,0.044062621891498566,21.028818130493164,-337.77325439453125,0.18421125411987305,0.0,0.0
112,27.75,19.398353576660156,19.563833236694336,158.3124542236328,99.10404205322266,97.20880126953125,0.0007956073968671262,0.04409449175000191,21.02874755859375,-337.73321533203125,0.17157448828220367,0.0,0.0
113,28,18.942232131958008,18.927045822143555,160.42977905273438,99.10165405273438,97.88264465332031,0.0008140965946950018,0.044123176485300064,21.028684616088867,-337.65313720703125,0.10997796058654785,0.0,0.0
114,28.25,18.872825622558594,19.679061889648438,155.78677368164062,99.0881118774414,97.31278228759766,0.0008457131334580481,0.044148992747068405,21.028627395629883,-337.62310791015625,0.1606467366218567,0.0,0.0
115,28.5,18.73587989807129,19.25527572631836,153.9427032470703,99.10005950927734,96.72777557373047,0.0008457131334580481,0.04417222738265991,21.028575897216797,-337.57305908203125,0.21529726684093475,0.0,0.0
116,28.75,18.749900817871094,19.404396057128906,153.90072631835938,99.10205078125,96.80924224853516,0.0008591917576268315,0.04419313743710518,21.02853012084961,-337.54302978515625,0.20799487829208374,0.0,0.0
117,29,18.563295364379883,19.416582107543945,157.21487426757812,99.09487915039062,97.19160461425781,0.0008783175726421177,0.04421195760369301,21.028488159179688,-337.4930114746094,0.17232564091682434,0.0,0.0
118,29.25,18.50249671936035,18.915584564208984,158.2529296875,99.09010314941406,97.25015258789062,0.0008955308003351092,0.04420799762010574,21.02845001220703,-337.4629821777344,0.16654632985591888,0.0,0.0
119,29.5,18.53226089477539,18.729717254638672,159.249755859375,99.09487915039062,96.78795623779297,0.0009110227110795677,0.044204436242580414,21.02841567993164,-337.40289306640625,0.2093058079481125,0.0,0.0
120,29.75,18.630964279174805,19.309730529785156,154.85177612304688,99.0992660522461,96.67701721191406,0.0009249654249288142,0.04420122876763344,21.028385162353516,-337.3829040527344,0.21988973021507263,0.0,0.0
121,30,18.8411922454834,19.451602935791016,158.36436462402344,99.0932846069336,97.21658325195312,0.0009305187850259244,0.04419834166765213,21.028358459472656,-337.3628845214844,0.1698984056711197,0.0,0.0
122,30.25,19.093231201171875,19.548694610595703,157.449951171875,99.0857162475586,97.14575958251953,0.0009355168440379202,0.04418865591287613,21.028564453125,-337.3028564453125,0.17569629848003387,0.0,0.0
123,30.5,18.735855102539062,19.237030029296875,160.50917053222656,99.09527587890625,96.6884765625,0.0009400150738656521,0.04417993873357773,21.028749465942383,-337.2627868652344,0.21847906708717346,0.0,0.0
124,30.75,19.18516731262207,19.455425262451172,158.6597442626953,99.09767150878906,97.36109161376953,0.0009300817619077861,0.04417209327220917,21.02891731262207,-337.2327880859375,0.15709346532821655,0.0,0.0
125,31,19.203266143798828,19.704259872436523,156.56761169433594,99.09368896484375,97.6992416381836,0.0009211417636834085,0.04416503384709358,21.029067993164062,-337.1927185058594,0.12592813372612,0.0,0.0
126,31.25,19.209012985229492,19.561246871948242,156.0226287841797,99.08770751953125,97.56291961669922,0.0009130957769230008,0.044158678501844406,21.029203414916992,-337.1827392578125,0.13779978454113007,0.0,0.0
127,31.5,18.818206787109375,19.123451232910156,160.40536499023438,99.08372497558594,96.81989288330078,0.0009058543946594,0.044131696224212646,21.029325485229492,-337.1326904296875,0.20537447929382324,0.0,0.0
128,31.75,18.485788345336914,19.392478942871094,158.82843017578125,99.09846496582031,96.54765319824219,0.0008993371739052236,0.04410741105675697,21.029436111450195,-337.0926513671875,0.23171603679656982,0.0,0.0
129,32,19.408092498779297,19.001174926757812,159.67796325683594,99.08850860595703,96.77608489990234,0.000882674299646169,0.0440855547785759,21.02930450439453,-337.0726318359375,0.20982412993907928,0.0,0.0
130,32.25,19.159896850585938,19.683679580688477,154.53118896484375,99.08850860595703,97.39875793457031,0.0008676777360960841,0.04406588524580002,21.029186248779297,-337.0526123046875,0.1528349369764328,0.0,0.0
131,32.5,18.908952713012695,19.66508674621582,154.3594512939453,99.094482421875,97.11177825927734,0.0008541808347217739,0.04409779980778694,21.02907943725586,-337.0426025390625,0.17959097027778625,0.0,0.0
132,32.75,18.74359130859375,19.3966064453125,156.22413635253906,99.09010314941406,96.90217590332031,0.0008420335943810642,0.04412652179598808,21.028982162475586,-337.0226135253906,0.19839750230312347,0.0,0.0
133,33,18.969139099121094,19.180233001708984,159.37493896484375,99.0869140625,96.90708923339844,0.0008311010897159576,0.04415237158536911,21.028894424438477,-337.0025634765625,0.19766096770763397,0.0,0.0
134,33.25,19.25752067565918,19.788841247558594,160.4404754638672,99.08770751953125,96.88457489013672,0.0008168179774656892,0.044175636023283005,21.02881622314453,-336.9825439453125,0.1997968554496765,0.0,0.0
135,33.5,19.457542419433594,19.551658630371094,157.8743438720703,99.0896987915039,96.83299255371094,0.0008039631647989154,0.04421783983707428,21.028745651245117,-336.9625549316406,0.20470789074897766,0.0,0.0
136,33.75,18.898681640625,19.419490814208984,159.06504821777344,99.08412170410156,97.41594696044922,0.0007923938683234155,0.0442558228969574,21.028682708740234,-336.9525451660156,0.15087413787841797,0.0,0.0
137,34,18.92848014831543,19.239788055419922,158.86048889160156,99.08890533447266,97.28862762451172,0.0007819815073162317,0.044290006160736084,21.02862548828125,-336.9225158691406,0.1629236489534378,0.0,0.0
138,34.25,19.071813583374023,19.460529327392578,158.76126098632812,99.07894134521484,97.68777465820312,0.0007738801068626344,0.04432077333331108,21.028573989868164,-336.9225158691406,0.12564927339553833,0.0,0.0
139,34.5,19.230318069458008,19.570415496826172,156.48365783691406,99.09129333496094,97.11341857910156,0.0007665888406336308,0.044341377913951874,21.028759002685547,-336.9124755859375,0.17915496230125427,0.0,0.0
140,34.75,18.69955062866211,19.173381805419922,160.06494140625,99.07615661621094,97.0012435913086,0.0007600266835652292,0.04435992240905762,21.0289249420166,-336.9124755859375,0.18806691467761993,0.0,0.0
141,35,19.367862701416016,19.63505744934082,156.53021240234375,99.07894134521484,97.1514892578125,0.000754120759665966,0.04437661170959473,21.029075622558594,-336.8924865722656,0.17456424236297607,0.0,0.0
142,35.25,18.990222930908203,19.426034927368164,153.5915985107422,99.079345703125,97.3230209350586,0.0007513447781093419,0.044391632080078125,21.029211044311523,-336.8824768066406,0.15892595052719116,0.0,0.0
143,35.5,19.031980514526367,19.40097999572754,158.271240234375,99.07695007324219,97.13756561279297,0.000748846388887614,0.04440515115857124,21.029333114624023,-336.8824768066406,0.1756589114665985,0.0,0.0
144,35.75,18.666244506835938,19.369369506835938,155.56924438476562,99.0781478881836,97.19242858886719,0.0007465978269465268,0.04443149268627167,21.029211044311523,-336.8724365234375,0.1707494556903839,0.0,0.0
145,36,18.835742950439453,19.178956985473633,156.96450805664062,99.07695007324219,97.25301361083984,0.0007445741211995482,0.04445520043373108,21.02910041809082,-336.8624572753906,0.16510534286499023,0.0,0.0
146,36.25,18.716567993164062,19.894771575927734,157.48812866210938,99.06898498535156,97.24646759033203,0.0007427528034895658,0.04447653889656067,21.029001235961914,-336.8624572753906,0.16498889029026031,0.0,0.0
147,36.5,19.214086532592773,19.772775650024414,159.16961669921875,99.07416534423828,96.37039184570312,0.0007455587037838995,0.04449574276804924,21.028911590576172,-336.8624572753906,0.2458658516407013,0.0,0.0
148,36.75,18.96026039123535,19.701187133789062,150.0614471435547,99.08053588867188,96.33149719238281,0.0007480839849449694,0.044513024389743805,21.028831481933594,-336.8524475097656,0.2500244379043579,0.0,0.0
149,37,19.113733291625977,19.118289947509766,155.11814880371094,99.0669937133789,96.63116455078125,0.0007503567612729967,0.0445498451590538,21.028759002685547,-336.8624572753906,0.2212112993001938,0.0,0.0
150,37.25,19.288293838500977,19.56157875061035,155.95240783691406,99.06977844238281,96.89521789550781,0.0007524022366851568,0.04458298534154892,21.02869415283203,-336.8624572753906,0.1972123682498932,0.0,0.0
151,37.5,19.039426803588867,19.065242767333984,157.32630920410156,99.07217407226562,96.98159790039062,0.000753608241211623,0.044612810015678406,21.028636932373047,-336.8624572753906,0.18950936198234558,0.0,0.0
152,37.75,18.63115882873535,19.502927780151367,151.72386169433594,99.07137298583984,96.38553619384766,0.0007546936394646764,0.04463965445756912,21.028352737426758,-336.8424072265625,0.24421919882297516,0.0,0.0
153,38,18.6947078704834,19.324947357177734,159.2779998779297,99.0669937133789,96.92591857910156,0.0007556705386377871,0.04475599527359009,21.02809715270996,-336.8524475097656,0.19414834678173065,0.0,0.0
154,38.25,18.8922119140625,19.455562591552734,157.94227600097656,99.06659698486328,96.90094757080078,0.0007565497071482241,0.04486070200800896,21.027868270874023,-336.8424072265625,0.1964021772146225,0.0,0.0
155,38.5,18.35576629638672,19.59808349609375,154.71896362304688,99.07296752929688,96.26763153076172,0.0007573409820906818,0.04495494067668915,21.02766227722168,-336.8324279785156,0.25523921847343445,0.0,0.0
156,38.75,18.931058883666992,19.68724250793457,157.19883728027344,99.08850860595703,96.8317642211914,0.0007517036283388734,0.04503975436091423,21.027475357055664,-336.8324279785156,0.20471304655075073,0.0,0.0
157,39,19.35629653930664,19.189271926879883,157.31256103515625,99.07137298583984,96.76052856445312,0.0007466300157830119,0.04542122036218643,21.026382446289062,-336.8424072265625,0.2097165435552597,0.0,1.0
158,39.25,19.06761360168457,19.299959182739258,159.0551300048828,99.06898498535156,97.51338195800781,0.0007420637411996722,0.04576453939080238,21.025400161743164,-336.8124084472656,0.14063306152820587,0.0,1.0
159,39.5,19.075740814208984,19.174457550048828,159.24517822265625,99.0745620727539,97.50396728515625,0.0007379541057161987,0.04607352614402771,21.02451515197754,-336.8424072265625,0.1419914811849594,0.0,1.0
160,39.75,18.959918975830078,19.66903305053711,157.23013305664062,99.0657958984375,97.79830932617188,0.0007342554163187742,0.04635161533951759,21.023719787597656,-336.8124084472656,0.11442124843597412,0.0,1.0
161,40,18.731910705566406,19.374298095703125,155.37078857421875,99.05902099609375,97.79749298095703,0.0007309265783987939,0.04719185829162598,21.02300262451172,-336.8324279785156,0.11388792097568512,0.0,1.0
162,40.25,19.163143157958984,19.689943313598633,152.82984924316406,99.06858825683594,97.46098327636719,0.0007228523027151823,0.04794807732105255,21.022357940673828,-336.8324279785156,0.14537367224693298,0.0,1.0
163,40.5,19.435483932495117,20.191375732421875,156.57981872558594,99.0821304321289,96.86328125,0.0007155854254961014,0.04862867295742035,21.02062225341797,-336.8524475097656,0.20124982297420502,0.0,1.0
164,40.75,19.172725677490234,19.33974838256836,156.4851837158203,99.06500244140625,97.5383529663086,0.0007090452127158642,0.049241211265325546,21.019060134887695,-336.8824768066406,0.13800106942653656,0.0,1.0
165,41,18.93488883972168,19.581789016723633,158.66127014160156,99.04985809326172,97.13429260253906,0.0007031590212136507,0.049792494624853134,21.017654418945312,-336.8724365234375,0.17352862656116486,0.0,1.0
166,41.25,19.137229919433594,19.882619857788086,153.7122039794922,99.05663299560547,97.26365661621094,0.0006978614837862551,0.05028865113854408,21.016389846801758,-336.8924865722656,0.16231000423431396,0.0,1.0
167,41.5,18.565465927124023,19.368824005126953,154.09613037109375,99.07735443115234,97.17113494873047,0.000693093694280833,0.05166195333003998,21.013864517211914,-336.8824768066406,0.1726248413324356,0.0,1.0
168,41.75,18.43329429626465,19.426538467407227,158.5399169921875,99.07217407226562,97.5580062866211,0.0006888026837259531,0.05289792641997337,21.0115909576416,-336.8824768066406,0.13685375452041626,0.0,1.0
169,42,18.596174240112305,19.798816680908203,158.96658325195312,99.05623626708984,97.32138061523438,0.0006849407800473273,0.0540103018283844,21.009544372558594,-336.8824768066406,0.15700292587280273,0.0,1.0
170,42.25,18.84100914001465,19.515260696411133,154.98228454589844,99.05304718017578,97.0982666015625,0.0006890827789902687,0.05501144006848335,21.00770378112793,-336.8724365234375,0.1771106719970703,0.0,1.0
171,42.5,19.388843536376953,19.652992248535156,154.50830078125,99.05265045166016,96.85223388671875,0.0006928105722181499,0.05708664655685425,21.00442886352539,-336.8424072265625,0.19961871206760406,0.0,1.0
172,42.75,19.351533889770508,20.055889129638672,154.1533660888672,99.05743408203125,97.077392578125,0.0006961656035855412,0.058954332023859024,21.001482009887695,-336.8424072265625,0.17941448092460632,0.0,1.0
173,43,19.16376495361328,19.23968505859375,151.84523010253906,99.05145263671875,96.84199523925781,0.0006991851259954274,0.060635246336460114,20.998828887939453,-336.8724365234375,0.20045140385627747,0.0,1.0
174,43.25,19.595630645751953,19.967519760131836,151.05294799804688,99.06340789794922,96.61479187011719,0.0007107939454726875,0.0621480718255043,20.996440887451172,-336.8924865722656,0.22239530086517334,0.0,1.0
175,43.5,19.51030921936035,19.73040771484375,157.49575805664062,99.06500244140625,96.7998275756836,0.0007212418713606894,0.06350961327552795,20.992212295532227,-336.8924865722656,0.20553699135780334,0.0,1.0
176,43.75,19.274646759033203,19.086339950561523,154.94793701171875,99.05783081054688,96.17920684814453,0.0007306450279429555,0.06473500281572342,20.988407135009766,-336.8924865722656,0.2620462477207184,0.0,1.0
177,44,18.195423126220703,19.069944381713867,152.8130645751953,99.05105590820312,95.92416381835938,0.0007391078397631645,0.06701801717281342,20.984981536865234,-336.9024658203125,0.2850329279899597,0.0,1.0
178,44.25,18.757307052612305,18.77704620361328,148.06015014648438,99.05982208251953,95.89346313476562,0.0007556194323115051,0.06907273083925247,20.98189926147461,-336.9024658203125,0.2886635661125183,0.0,1.0
179,44.5,18.41343879699707,18.685251235961914,150.97662353515625,99.05145263671875,95.2679214477539,0.0007704798481427133,0.07092197239398956,20.977737426757812,-336.8924865722656,0.3460676372051239,0.0,1.0
180,44.75,18.615859985351562,18.790441513061523,151.9223175048828,99.0554428100586,95.55326080322266,0.0007838542223908007,0.072586290538311,20.97399139404297,-336.9024658203125,0.3198508620262146,0.0,0.0
181,45,19.28781509399414,19.117794036865234,151.11325073242188,99.05743408203125,95.67280578613281,0.0007958911592140794,0.07488655298948288,20.97062110900879,-336.9024658203125,0.3089199364185333,0.0,0.0
182,45.25,18.935775756835938,19.694671630859375,152.11695861816406,99.05105590820312,95.98680114746094,0.0008143519517034292,0.07695679366588593,20.967586517333984,-336.9124755859375,0.2792320251464844,0.0,0.0
183,45.5,18.62580680847168,19.4820499420166,150.4781951904297,99.05105590820312,96.26599884033203,0.0008309666882269084,0.07882000505924225,20.963932037353516,-336.9124755859375,0.25342443585395813,0.0,0.0
184,45.75,18.52294921875,19.397396087646484,156.13406372070312,99.05225372314453,95.48448944091797,0.0008459199452772737,0.0804968997836113,20.960641860961914,-336.9124755859375,0.32596227526664734,0.0,0.0
185,46,19.003679275512695,19.6198673248291,152.787109375,99.05464172363281,95.08370208740234,0.0008593778475187719,0.08268797397613525,20.95768165588379,-336.9225158691406,0.3635524809360504,0.0,0.0
186,46.25,19.044252395629883,19.709014892578125,154.70140075683594,99.06021881103516,96.51858520507812,0.0008714899886399508,0.08465994149446487,20.95501708984375,-336.9225158691406,0.2309616208076477,0.0,0.0
187,46.5,19.568334579467773,19.95830535888672,150.08587646484375,99.0554428100586,95.88445281982422,0.0008823908865451813,0.08643470704555511,20.952619552612305,-336.9225158691406,0.28910550475120544,0.0,0.0
188,46.75,19.096515655517578,19.43958854675293,151.59259033203125,99.05384826660156,95.59625244140625,0.0008922017295844853,0.08803199976682663,20.950462341308594,-336.9225158691406,0.31571054458618164,0.0,0.0
189,47,19.548933029174805,19.36074447631836,151.0735626220703,99.0383071899414,95.77064514160156,0.0009080265881493688,0.08994966745376587,20.94852066040039,-336.9425048828125,0.29812097549438477,0.0,0.0
190,47.25,18.887012481689453,19.950910568237305,156.13406372070312,99.04547882080078,95.93562316894531,0.0009222689550369978,0.09167557209730148,20.9467716217041,-336.9525451660156,0.2834714651107788,0.0,0.0
191,47.5,19.027698516845703,20.036788940429688,152.23373413085938,99.04985809326172,95.08247375488281,0.0009350870386697352,0.09322888404130936,20.94519805908203,-336.9525451660156,0.36323824524879456,0.0,0.0
192,47.75,18.74596405029297,19.544363021850586,147.9189453125,99.03910827636719,94.52039337158203,0.0009466233314014971,0.09462686628103256,20.943552017211914,-336.9325256347656,0.41495728492736816,0.0,0.0
193,48,19.224647521972656,19.55839729309082,152.0520782470703,99.03472137451172,96.26722717285156,0.000957006006501615,0.09616928547620773,20.94207000732422,-336.9325256347656,0.2518450617790222,0.0,0.0
194,48.25,19.340932846069336,19.55033302307129,154.3724365234375,99.04508209228516,95.78742980957031,0.0009663504315540195,0.09755746275186539,20.940736770629883,-336.9425048828125,0.2971724271774292,0.0,0.0
195,48.5,19.21190071105957,19.328758239746094,151.64295959472656,99.0458755493164,94.96866607666016,0.000974760390818119,0.09880682080984116,20.93953514099121,-336.9625549316406,0.37352269887924194,0.0,0.0
196,48.75,19.086151123046875,19.641502380371094,154.4953155517578,99.05026245117188,95.85088348388672,0.0009785135043784976,0.09993124008178711,20.938453674316406,-336.9625549316406,0.2917526066303253,0.0,0.0
197,49,19.240903854370117,19.78412628173828,153.5977020263672,99.0383071899414,95.74690246582031,0.0009849312482401729,0.10094322264194489,20.937061309814453,-336.9625549316406,0.30032506585121155,0.0,0.0
198,49.25,19.821237564086914,20.0002498626709,156.0172882080078,99.03671264648438,95.86930847167969,0.0009849312482401729,0.10197802633047104,20.937061309814453,-336.9725341796875,0.28882870078086853,0.0,0.0
199,49.5,19.888126373291016,20.570615768432617,158.05905151367188,99.0494613647461,96.3597412109375,0.0009876672411337495,0.10290934890508652,20.93646812438965,-336.9725341796875,0.24463243782520294,0.0,0.0
200,49.75,20.153793334960938,20.701223373413086,152.9641876220703,99.03950500488281,96.29669952392578,0.0009907657513394952,0.10374753922224045,20.93593406677246,-336.9725341796875,0.2495548129081726,0.0,0.0
201,50,19.92560386657715,19.867961883544922,149.1844482421875,99.02396392822266,96.02445983886719,0.0009935543639585376,0.10450191050767899,20.935222625732422,-336.9625549316406,0.2733164429664612,0.0,0.0
202,50.25,19.37540626525879,20.623939514160156,157.29653930664062,99.02236938476562,96.0469741821289,0.0009960641618818045,0.10518084466457367,20.934581756591797,-336.9725341796875,0.2710902690887451,0.0,0.0
203,50.5,19.951122283935547,20.486482620239258,152.97946166992188,99.03034210205078,95.76204681396484,0.0009983229683712125,0.10579188913106918,20.934005737304688,-336.9725341796875,0.2982049882411957,0.0,0.0
204,50.75,20.66496467590332,20.349544525146484,151.08729553222656,99.03870391845703,95.92047882080078,0.0010079883504658937,0.10634183138608932,20.933486938476562,-336.9825439453125,0.28426656126976013,0.0,0.0
205,51,20.09536361694336,20.457862854003906,149.69203186035156,99.0231704711914,96.37489318847656,0.0010166872525587678,0.10683677345514297,20.933019638061523,-336.9725341796875,0.24087649583816528,0.0,0.0
206,51.25,20.222753524780273,20.422950744628906,154.93649291992188,99.02874755859375,96.28564453125,0.0010245161829516292,0.1073114201426506,20.932598114013672,-336.9825439453125,0.24960938096046448,0.0,0.0
207,51.5,20.029436111450195,20.699752807617188,156.29969787597656,99.03591918945312,95.9765625,0.0010315622203052044,0.10773859918117523,20.932220458984375,-336.9825439453125,0.2788224518299103,0.0,0.0
208,51.75,20.37981605529785,20.728559494018555,150.19578552246094,99.03312683105469,95.66748046875,0.0010455389274284244,0.1081230640411377,20.9318790435791,-336.9825439453125,0.3072337508201599,0.0,0.0
209,52,20.33809471130371,20.321413040161133,154.70750427246094,99.02157592773438,95.79438781738281,0.0010581179521977901,0.10881699621677399,20.93134117126465,-336.9725341796875,0.2944173216819763,0.0,0.0
210,52.25,20.363662719726562,20.497116088867188,152.02154541015625,99.03153228759766,96.1337661743164,0.001069439109414816,0.10881699621677399,20.930856704711914,-336.9825439453125,0.263886034488678,0.0,0.0
211,52.5,20.32412338256836,20.49245834350586,157.08206176757812,99.03113555908203,95.91720581054688,0.0010796281276270747,0.10913011431694031,20.930421829223633,-336.9925842285156,0.2838900685310364,0.0,0.0
212,52.75,20.2790584564209,20.79613494873047,154.70826721191406,99.02516174316406,95.49063110351562,0.0010964368702843785,0.10941192507743835,20.930028915405273,-336.9925842285156,0.3229597210884094,0.0,0.0
213,53,21.18736457824707,20.80081558227539,151.69256591796875,99.02794647216797,95.64209747314453,0.0011115646921098232,0.10966555029153824,20.929445266723633,-336.9925842285156,0.3091265857219696,0.0,0.0
214,53.25,20.137712478637695,20.724620819091797,152.42913818359375,99.029541015625,96.39822387695312,0.001125179696828127,0.1098938137292862,20.928918838500977,-337.0025634765625,0.23929697275161743,0.0,0.0
215,53.5,20.17154312133789,20.715850830078125,151.57350158691406,99.02715301513672,96.14195251464844,0.0011374332243576646,0.110186867415905,20.92844581604004,-337.0125732421875,0.26273635029792786,0.0,0.0
216,53.75,20.769487380981445,20.86954689025879,156.06002807617188,99.03352355957031,96.85100555419922,0.001148461364209652,0.1104506179690361,20.928020477294922,-337.0226135253906,0.19801627099514008,0.0,0.0
217,54,20.667116165161133,21.05974006652832,153.39620971679688,99.00802612304688,96.06089782714844,0.0011583867017179728,0.1106879934668541,20.927637100219727,-337.0125732421875,0.26851511001586914,0.0,0.0
218,54.25,20.633323669433594,20.73488426208496,153.95187377929688,99.02516174316406,96.42483520507812,0.0011603175662457943,0.11112816631793976,20.927291870117188,-337.0325927734375,0.236451655626297,0.0,0.0
219,54.5,20.344085693359375,21.346153259277344,151.1491241455078,99.02595520019531,95.56841278076172,0.001162055297754705,0.1115243211388588,20.926288604736328,-337.0226135253906,0.3157964050769806,0.0,0.0
220,54.75,20.40961265563965,20.526357650756836,147.48463439941406,99.01639556884766,95.37149810791016,0.0011636193376034498,0.11188086122274399,20.925384521484375,-337.0426025390625,0.33326634764671326,0.0,0.0
221,55,20.010570526123047,21.183853149414062,155.5181121826172,99.01998138427734,95.46770477294922,0.0011650269152596593,0.1122017502784729,20.924571990966797,-337.0426025390625,0.3246285915374756,0.0,0.0
222,55.25,20.09049415588379,21.12418556213379,154.8296356201172,99.03233337402344,95.60279846191406,0.001163111417554319,0.11300303786993027,20.923839569091797,-337.0626220703125,0.3131718337535858,0.0,0.0
223,55.5,20.70473861694336,20.416778564453125,151.59259033203125,99.02037811279297,96.1849365234375,0.0011613875394687057,0.11372420191764832,20.921794891357422,-337.0726318359375,0.25815674662590027,0.0,0.0
224,55.75,20.615360260009766,20.698713302612305,153.7221221923828,99.0156021118164,95.7649154663086,0.001159836072474718,0.11437324434518814,20.919954299926758,-337.0826416015625,0.2966161370277405,0.0,0.0
225,56,20.57915687561035,20.950517654418945,153.57252502441406,99.01360321044922,95.45296478271484,0.001158439670689404,0.11495738476514816,20.918296813964844,-337.0626220703125,0.32542821764945984,0.0,0.0
226,56.25,21.547908782958984,21.31157684326172,152.4741668701172,99.0171890258789,95.12095642089844,0.0011743716895580292,0.1154831126332283,20.916805267333984,-337.0626220703125,0.35671085119247437,0.0,0.0
227,56.5,21.023075103759766,21.306434631347656,156.1470489501953,99.01759338378906,94.52080535888672,0.0011887105647474527,0.1171770989894867,20.91315269470215,-337.1026611328125,0.4129887819290161,0.0,0.0
228,56.75,20.51431655883789,21.23122215270996,148.26852416992188,99.01201629638672,93.7900619506836,0.001201615552417934,0.11870168149471283,20.90986442565918,-337.1026611328125,0.48145079612731934,0.0,0.0
229,57,20.592437744140625,21.06231117248535,147.5899658203125,99.02396392822266,93.98328399658203,0.0012132300762459636,0.12007381021976471,20.906904220581055,-337.1226501464844,0.46423590183258057,0.0,0.0
230,57.25,20.999168395996094,21.202251434326172,151.63685607910156,99.01639556884766,94.03773498535156,0.0012236831244081259,0.12130872160196304,20.90424156188965,-337.1226501464844,0.45841002464294434,0.0,0.0
231,57.5,21.21150016784668,21.78725814819336,149.70347595214844,99.01998138427734,93.82813262939453,0.0012783185811713338,0.12242014706134796,20.901844024658203,-337.1326904296875,0.47855955362319946,0.0,0.0
232,57.75,21.660762786865234,21.70014190673828,151.0063934326172,99.014404296875,93.68157196044922,0.00132749043405056,0.12546822428703308,20.894832611083984,-337.1427001953125,0.491949200630188,0.0,0.0
233,58,21.43772315979004,21.672555923461914,145.49554443359375,99.0207748413086,94.1998519897461,0.0013717451365664601,0.12821148335933685,20.88852310180664,-337.1627197265625,0.44349759817123413,0.0,0.0
234,58.25,21.1419734954834,21.726701736450195,148.1776885986328,99.01599884033203,94.14744567871094,0.0014115743106231093,0.13068042695522308,20.882843017578125,-337.1827392578125,0.44801393151283264,0.0,0.0
235,58.5,21.534435272216797,21.731374740600586,149.85995483398438,99.0191879272461,93.07200622558594,0.0015068856300786138,0.13290247321128845,20.877731323242188,-337.2127685546875,0.5503851175308228,0.0,0.0
236,58.75,21.788236618041992,22.077470779418945,147.44952392578125,99.01042175292969,92.38751983642578,0.0015926657943055034,0.13490231335163116,20.873130798339844,-337.1927185058594,0.6151896119117737,0.0,0.0
237,59,21.609607696533203,21.37325096130371,148.76846313476562,99.00165557861328,91.58758544921875,0.0016698680119588971,0.13910655677318573,20.863527297973633,-337.2027587890625,0.6916747689247131,0.0,0.0
238,59.25,21.20614242553711,21.54247283935547,147.9158935546875,99.01599884033203,91.24043273925781,0.001739349914714694,0.14289037883281708,20.85488510131836,-337.2227478027344,0.7267060279846191,0.0,0.0
239,59.5,21.998632431030273,21.492799758911133,151.42161560058594,99.01241302490234,90.36190032958984,0.0018018836854025722,0.14629581570625305,20.84710693359375,-337.2327880859375,0.8123578429222107,0.0,0.0
240,59.75,21.708864212036133,21.672513961791992,148.04869079589844,99.00723266601562,90.96041870117188,0.0019448109669610858,0.14936071634292603,20.840106964111328,-337.2227478027344,0.753231406211853,0.0,0.0
241,60,21.518178939819336,22.042179107666016,148.28912353515625,98.99568176269531,89.74373626708984,0.0020734453573822975,0.15537530183792114,20.828489303588867,-337.2527770996094,0.8718522191047668,0.0,0.0
242,60.25,21.846710205078125,22.042049407958984,147.4831085205078,99.0056381225586,87.96578979492188,0.002189216436818242,0.160788431763649,20.818035125732422,-337.2627868652344,1.0505523681640625,0.0,0.0
243,60.5,21.533796310424805,22.1955509185791,142.7592010498047,99.00325012207031,88.078369140625,0.0022934104781597853,0.16566024720668793,20.808626174926758,-337.2828063964844,1.0389734506607056,0.0,0.0
244,60.75,21.902753829956055,22.590194702148438,142.90650939941406,98.9905014038086,87.7021484375,0.002387185115367174,0.1700448840856552,20.80015754699707,-337.2928161621094,1.0758652687072754,0.0,0.0
245,61,22.520484924316406,22.484163284301758,141.41888427734375,98.99568176269531,86.65536499023438,0.0025870671961456537,0.1771174818277359,20.79253578186035,-337.2928161621094,1.1830252408981323,0.0,0.0
246,61.25,22.280729293823242,22.23077392578125,148.1998291015625,99.01360321044922,87.75332641601562,0.0027669609989970922,0.1834828108549118,20.779434204101562,-337.2828063964844,1.0727546215057373,0.0,0.0
247,61.5,22.117263793945312,22.742387771606445,144.1170654296875,99.01042175292969,87.32429504394531,0.002928865374997258,0.18921160697937012,20.767642974853516,-337.3028564453125,1.1160188913345337,0.0,0.0
248,61.75,22.287799835205078,23.133628845214844,137.97117614746094,98.99369049072266,86.65331268310547,0.003074579406529665,0.19436752796173096,20.757030487060547,-337.3528747558594,1.1830567121505737,0.0,0.0
249,62,22.926593780517578,22.419649124145508,143.05076599121094,98.99527740478516,86.07527160644531,0.0033004211727529764,0.19900785386562347,20.747480392456055,-337.3829040527344,1.2426730394363403,0.0,0.0
250,62.25,22.833290100097656,23.036014556884766,150.0492401123047,99.00762939453125,86.92760467529297,0.003503678599372506,0.20684286952018738,20.732181549072266,-337.40289306640625,1.1562252044677734,0.0,0.0
251,62.5,22.436508178710938,22.8647518157959,141.2311248779297,98.99408721923828,85.18281555175781,0.0036866103764623404,0.21389438211917877,20.718412399291992,-337.3829040527344,1.3351768255233765,0.0,0.0
252,62.75,23.11886978149414,23.67690086364746,141.08763122558594,98.98970031738281,84.00216674804688,0.0038512488827109337,0.2202407419681549,20.70602035522461,-337.3728942871094,1.4588028192520142,0.0,0.0
253,63,23.544292449951172,23.374923706054688,143.11717224121094,98.98970031738281,83.13140869140625,0.0040815151296556,0.22595247626304626,20.694868087768555,-337.4229431152344,1.5513920783996582,0.0,0.0
254,63.25,22.829021453857422,23.48091697692871,139.59237670898438,98.99846649169922,81.8746109008789,0.004288754891604185,0.23109303414821625,20.67928123474121,-337.4429626464844,1.6875419616699219,0.0,0.0
255,63.5,23.2203426361084,23.625614166259766,139.00083923339844,99.00524139404297,82.14439392089844,0.004475270863622427,0.239271879196167,20.665254592895508,-337.47296142578125,1.6589184999465942,0.0,0.0
256,63.75,23.758602142333984,23.409330368041992,136.75604248046875,98.97177124023438,80.80162048339844,0.004643135238438845,0.24663282930850983,20.652629852294922,-337.5130310058594,1.8023651838302612,0.0,0.0
257,64,23.935300827026367,23.950414657592773,137.08883666992188,98.99169158935547,81.74156188964844,0.00485764117911458,0.253257691860199,20.641267776489258,-337.54302978515625,1.7013847827911377,0.0,0.0
258,64.25,23.609474182128906,23.846820831298828,135.32032775878906,98.98851013183594,79.95829772949219,0.005050696432590485,0.25922006368637085,20.6234130859375,-337.53302001953125,1.897095799446106,0.0,0.0
259,64.5,23.70635223388672,24.510360717773438,139.08937072753906,98.99249267578125,80.96005249023438,0.005224446300417185,0.2683711349964142,20.607343673706055,-337.57305908203125,1.7868199348449707,0.0,0.0
260,64.75,23.43538475036621,23.95397186279297,137.85211181640625,98.99726867675781,79.50920104980469,0.005380821414291859,0.27660709619522095,20.59288215637207,-337.5830993652344,1.9479306936264038,0.0,0.0
261,65,24.49627685546875,24.624677658081055,136.17747497558594,99.0020523071289,77.95846557617188,0.005574678536504507,0.28401947021484375,20.579866409301758,-337.57305908203125,2.1233792304992676,0.0,0.0
262,65.25,24.087793350219727,24.970073699951172,140.18772888183594,98.99288940429688,78.12467956542969,0.005749150179326534,0.2906906008720398,20.565841674804688,-337.59307861328125,2.1036314964294434,0.0,0.0
263,65.5,24.567737579345703,24.613054275512695,135.2768096923828,98.98890686035156,79.17391967773438,0.005906174425035715,0.2990294098854065,20.553218841552734,-337.61309814453125,1.9847298860549927,0.0,0.0
264,65.75,24.44495391845703,24.892086029052734,135.73095703125,98.98492431640625,79.05806732177734,0.006047496572136879,0.3065343499183655,20.541858673095703,-337.64312744140625,1.9973835945129395,0.0,0.0
265,66,25.022476196289062,25.34858512878418,135.62257385253906,98.98492431640625,78.79115295410156,0.006206230726093054,0.3132888078689575,20.531633377075195,-337.69317626953125,2.027435064315796,0.0,0.0
266,66.25,25.280681610107422,25.452770233154297,136.20114135742188,98.9905014038086,79.84940338134766,0.0063490914180874825,0.31936779618263245,20.522199630737305,-337.69317626953125,1.9093842506408691,0.0,0.0
267,66.5,25.238677978515625,25.91475486755371,134.54635620117188,98.99647521972656,78.84272766113281,0.006477666087448597,0.32600757479667664,20.513710021972656,-337.74322509765625,2.0226571559906006,0.0,0.0
268,66.75,25.68779945373535,26.003137588500977,142.75767517089844,98.98770904541016,82.87677764892578,0.0065933833830058575,0.331983357667923,20.50606918334961,-337.77325439453125,1.5784728527069092,0.0,0.0
269,67,25.71053123474121,26.129934310913086,136.00039672851562,98.98492431640625,82.21357727050781,0.006697528995573521,0.33736157417297363,20.499191284179688,-337.76324462890625,1.6496143341064453,0.0,0.0
270,67.25,25.938920974731445,26.347713470458984,138.424560546875,98.98851013183594,82.83952331542969,0.006791259627789259,0.34220194816589355,20.49300193786621,-337.76324462890625,1.5825399160385132,0.0,0.0
271,67.5,26.69137954711914,26.397327423095703,142.0073699951172,98.98332977294922,82.68682098388672,0.006875617429614067,0.3465583026409149,20.487430572509766,-337.8132629394531,1.5984694957733154,0.0,0.0
272,67.75,26.147239685058594,26.831806182861328,141.50132751464844,98.9781494140625,82.11941528320312,0.006975230295211077,0.3510538339614868,20.482418060302734,-337.7832336425781,1.659189224243164,0.0,0.0
273,68,27.073223114013672,26.833555221557617,134.41661071777344,98.98810577392578,81.94297790527344,0.007064881734549999,0.35509979724884033,20.47721290588379,-337.7832336425781,1.679195523262024,0.0,0.0
274,68.25,26.774280548095703,27.470561981201172,144.4994659423828,98.99249267578125,83.82612609863281,0.007145567797124386,0.3587411642074585,20.4725284576416,-337.8132629394531,1.4776943922042847,0.0,0.0
275,68.5,27.180644989013672,27.771181106567383,136.62094116210938,98.9781494140625,82.91402435302734,0.007218185346573591,0.3620184063911438,20.468311309814453,-337.8232727050781,1.5736221075057983,0.0,0.0
276,68.75,27.199649810791016,27.570297241210938,135.2142333984375,98.97576141357422,81.45785522460938,0.0073072598315775394,0.3657817542552948,20.464515686035156,-337.86334228515625,1.730849266052246,0.0,0.0
277,69,27.074745178222656,27.745166778564453,136.95907592773438,98.97894287109375,80.91255950927734,0.007387426681816578,0.36916878819465637,20.45878791809082,-337.8432922363281,1.7908178567886353,0.0,0.0
278,69.25,27.143577575683594,27.9299259185791,131.80848693847656,98.97894287109375,80.27229309082031,0.007459576707333326,0.3722171187400818,20.45363426208496,-337.86334228515625,1.8614113330841064,0.0,0.0
279,69.5,27.661542892456055,27.62238121032715,135.38214111328125,98.99129486083984,80.61494445800781,0.007524511776864529,0.37496060132980347,20.44899559020996,-337.9233703613281,1.8246705532073975,0.0,0.0
280,69.75,28.140443801879883,28.652263641357422,134.67611694335938,98.97775268554688,80.90765380859375,0.0075829531997442245,0.377429723739624,20.444820404052734,-337.8933410644531,1.7912501096725464,0.0,0.0
281,70,27.927152633666992,28.431480407714844,130.7147216796875,98.97775268554688,79.94355773925781,0.007680427748709917,0.38069120049476624,20.441062927246094,-337.93341064453125,1.897768259048462,0.0,0.0
282,70.25,28.24995994567871,28.402009963989258,137.72311401367188,98.99129486083984,79.57142639160156,0.007768155075609684,0.3836265206336975,20.437681198120117,-337.9433898925781,1.940442681312561,0.0,0.0
283,70.5,27.890724182128906,28.587718963623047,135.97674560546875,98.96699523925781,79.95911407470703,0.00784710980951786,0.3862683176994324,20.43463706970215,-337.9433898925781,1.895073652267456,0.0,0.0
284,70.75,28.517715454101562,29.0488338470459,134.0196990966797,98.9733657836914,79.78185272216797,0.007918168790638447,0.3886459171772003,20.430511474609375,-337.9533996582031,1.9153659343719482,0.0,0.0
285,71,28.530933380126953,28.98534393310547,137.30026245117188,98.97018432617188,81.11234283447266,0.007982121780514717,0.39078575372695923,20.42679786682129,-337.9533996582031,1.7681183815002441,0.0,0.0
286,71.25,28.866111755371094,29.36403465270996,135.29513549804688,98.97775268554688,80.71769714355469,0.008039679378271103,0.39395439624786377,20.4234561920166,-337.9634094238281,1.8121364116668701,0.0,0.0
287,71.5,28.904399871826172,29.530061721801758,134.73489379882812,98.96659851074219,79.0744400024414,0.00816693902015686,0.39680615067481995,20.420448303222656,-337.9934387207031,1.9938989877700806,0.0,0.0
288,71.75,29.410839080810547,29.692031860351562,135.98361206054688,98.97576141357422,77.14338684082031,0.008281472139060497,0.39937272667884827,20.415897369384766,-338.0534973144531,2.214411735534668,0.0,0.0
289,72,29.0317440032959,29.95948028564453,133.82200622558594,98.97576141357422,78.15906524658203,0.008384551852941513,0.40168264508247375,20.411802291870117,-338.0234680175781,2.09818434715271,0.0,0.0
290,72.25,29.6109561920166,30.37152099609375,130.22088623046875,98.9693832397461,77.70014953613281,0.008477323688566685,0.4037615954875946,20.40811538696289,-338.033447265625,2.1499383449554443,0.0,0.0
291,72.5,29.96232032775879,30.443159103393555,140.1900177001953,98.9582290649414,78.6982192993164,0.008560818620026112,0.4068411886692047,20.40479850769043,-338.0835266113281,2.035524606704712,0.0,0.0
292,72.75,30.05313491821289,30.59406089782715,137.9818572998047,98.97137451171875,79.10678100585938,0.008675126358866692,0.4096128046512604,20.401811599731445,-338.0835266113281,1.9906940460205078,0.0,0.0
293,73,30.576215744018555,31.020795822143555,134.74862670898438,98.9705810546875,77.69564819335938,0.008778003044426441,0.4121072590351105,20.397043228149414,-338.1135559082031,2.1505603790283203,0.0,0.0
294,73.25,30.450254440307617,31.14702796936035,130.36285400390625,98.96977996826172,78.15005493164062,0.008870592340826988,0.41435226798057556,20.392751693725586,-338.133544921875,2.0986709594726562,0.0,0.0
295,73.5,30.53334617614746,31.353302001953125,135.9591827392578,98.95902252197266,78.42680358886719,0.008986503817141056,0.41637277603149414,20.38888931274414,-338.153564453125,2.0662941932678223,0.0,0.0
296,73.75,30.654815673828125,31.49408531188965,137.54832458496094,98.96858978271484,79.12152099609375,0.00909082405269146,0.41819122433662415,20.381250381469727,-338.153564453125,1.9887880086898804,0.0,0.0
297,74,31.031482696533203,31.687496185302734,140.04576110839844,98.97217559814453,78.44849395751953,0.009184712544083595,0.4198278486728668,20.374374389648438,-338.1836242675781,2.0650179386138916,0.0,0.0
298,74.25,31.073036193847656,32.02605056762695,133.79225158691406,98.97735595703125,77.4991455078125,0.009269212372601032,0.4235748052597046,20.368186950683594,-338.153564453125,2.1736702919006348,0.0,0.0
299,74.5,31.047868728637695,31.83583641052246,135.25926208496094,98.97137451171875,78.50990295410156,0.009345261380076408,0.42694705724716187,20.36261749267578,-338.233642578125,2.0579936504364014,0.0,0.0
300,74.75,31.326255798339844,32.199459075927734,129.94839477539062,98.97535705566406,78.04075622558594,0.00941370613873005,0.42998209595680237,20.35760498046875,-338.2236328125,2.111607789993286,0.0,0.0
301,75,31.75894546508789,32.31853103637695,130.6864776611328,98.97217559814453,77.24205017089844,0.009507272392511368,0.4327136278152466,20.35309410095215,-338.263671875,2.2027320861816406,0.0,0.0
302,75.25,31.978975296020508,32.48889923095703,135.36077880859375,98.97456359863281,78.30644226074219,0.009591481648385525,0.4368247985839844,20.345102310180664,-338.253662109375,2.0813374519348145,0.0,0.0
303,75.5,31.995471954345703,33.172340393066406,131.26123046875,98.96221160888672,77.52165985107422,0.009667269885540009,0.4405248761177063,20.337909698486328,-338.293701171875,2.169729709625244,0.0,0.0
304,75.75,32.139671325683594,32.72602462768555,128.04478454589844,98.9618148803711,78.40019226074219,0.009735479950904846,0.4438549280166626,20.331436157226562,-338.2836608886719,2.0695607662200928,0.0,0.0
305,76,32.11252212524414,33.26849365234375,130.41322326660156,98.9781494140625,79.73968505859375,0.009826214984059334,0.4468519687652588,20.325611114501953,-338.3037109375,1.920493721961975,0.0,0.0
306,76.25,32.63494873046875,33.46364212036133,142.7500457763672,98.97735595703125,78.6982192993164,0.009907876141369343,0.4511462152004242,20.32036781311035,-338.32373046875,2.0372424125671387,0.0,0.0
307,76.5,32.68357849121094,34.41358947753906,133.17552185058594,98.96778869628906,77.14543914794922,0.009981371462345123,0.4550110399723053,20.313335418701172,-338.3737487792969,2.21345853805542,0.0,0.0
308,76.75,33.590946197509766,33.838096618652344,130.92462158203125,98.97018432617188,77.29158782958984,0.010047516785562038,0.45848938822746277,20.3070068359375,-338.3837585449219,2.1968564987182617,0.0,0.0
309,77,34.067813873291016,34.19957733154297,133.97085571289062,98.96858978271484,77.09548950195312,0.010107047855854034,0.46161991357803345,20.301311492919922,-338.4037780761719,2.2192864418029785,0.0,0.0
310,77.25,33.3953971862793,34.27589416503906,130.6887664794922,98.97217559814453,78.58605194091797,0.010191350243985653,0.4644373655319214,20.294567108154297,-338.4638671875,2.049450635910034,0.0,0.0
311,77.5,34.15673065185547,34.42765426635742,133.90444946289062,98.96739196777344,79.13748931884766,0.010267222300171852,0.46847420930862427,20.288496017456055,-338.433837890625,1.9868875741958618,0.0,0.0
312,77.75,34.27157211303711,35.202178955078125,133.29763793945312,98.97496032714844,78.54756927490234,0.010335506871342659,0.4721073806285858,20.28303337097168,-338.4738464355469,2.054053544998169,0.0,0.0
313,78,34.09047317504883,35.03184509277344,130.74449157714844,98.96818542480469,78.99542999267578,0.010396962985396385,0.47537723183631897,20.27811622619629,-338.5339050292969,2.0029239654541016,0.0,0.0
314,78.25,34.19099426269531,35.64531707763672,127.78069305419922,98.9705810546875,78.61470794677734,0.010478387586772442,0.47832009196281433,20.273691177368164,-338.5138854980469,2.046067953109741,0.0,0.0
315,78.5,34.58466339111328,35.49716567993164,128.95460510253906,98.9582290649414,77.3787841796875,0.010551669634878635,0.4809686541557312,20.26670265197754,-338.5439147949219,2.1857638359069824,0.0,0.0
316,78.75,34.6397590637207,35.592655181884766,135.98590087890625,98.96221160888672,76.91004180908203,0.010617624036967754,0.4848116636276245,20.260412216186523,-338.59393310546875,2.2401137351989746,0.0,0.0
317,79,34.92844009399414,35.77771759033203,135.37985229492188,98.95464324951172,77.66616821289062,0.010676982812583447,0.4882703721523285,20.254751205444336,-338.5839538574219,2.1525018215179443,0.0,0.0
318,79.25,34.92326354980469,35.2567253112793,127.98677062988281,98.96340942382812,76.6529541015625,0.0107484832406044,0.49138322472572327,20.249656677246094,-338.5739440917969,2.269972562789917,0.0,0.0
319,79.5,35.23594665527344,35.90104675292969,139.72976684570312,98.96022033691406,77.46393585205078,0.010812832973897457,0.49418479204177856,20.245071411132812,-338.6440124511719,2.1761696338653564,0.0,0.0
320,79.75,35.85190200805664,36.742191314697266,131.5253143310547,98.96022033691406,77.26497650146484,0.010870748199522495,0.4977189898490906,20.239704132080078,-338.6440124511719,2.199021339416504,0.0,0.0
321,80,35.2808837890625,37.22803497314453,124.09712219238281,98.96778869628906,77.69236755371094,0.010922871530056,0.5008997917175293,20.234872817993164,-338.6740417480469,2.1506850719451904,0.0,0.0
322,80.25,36.4183349609375,37.42197799682617,130.85516357421875,98.96022033691406,77.8119125366211,0.010969782248139381,0.5037624835968018,20.23052406311035,-338.6840515136719,2.136343479156494,0.0,0.0
323,80.5,36.168827056884766,37.56520462036133,128.1043243408203,98.95225524902344,77.87618255615234,0.011025403626263142,0.5063389539718628,20.22661018371582,-338.6840515136719,2.1282925605773926,0.0,0.0
324,80.75,35.98023223876953,37.506690979003906,134.4837646484375,98.94627380371094,78.08537292480469,0.011075462214648724,0.5086577534675598,20.22146987915039,-338.69403076171875,2.1039180755615234,0.0,0.0
325,81,37.25393295288086,38.55066680908203,129.9415283203125,98.95464324951172,78.71295928955078,0.011120514944195747,0.5115794539451599,20.216842651367188,-338.72406005859375,2.033538341522217,0.0,0.0
326,81.25,37.074623107910156,38.30580139160156,130.6918182373047,98.95982360839844,78.7051773071289,0.011161062866449356,0.514208972454071,20.212678909301758,-338.78411865234375,2.034882068634033,0.0,0.0
327,81.5,36.96803283691406,38.42769241333008,134.19296264648438,98.96659851074219,76.8453598022461,0.011197555810213089,0.5165755152702332,20.20893096923828,-338.79412841796875,2.24798321723938,0.0,0.0
328,81.75,37.03047561645508,37.92316436767578,126.66325378417969,98.95543670654297,76.04051971435547,0.011229729279875755,0.518705427646637,20.20555877685547,-338.80413818359375,2.3405370712280273,0.0,0.0
329,82,37.80137634277344,39.32389450073242,127.30059051513672,98.95982360839844,77.18882751464844,0.011258685030043125,0.5213567614555359,20.201366424560547,-338.88421630859375,2.2077481746673584,0.0,0.0
330,82.25,38.093868255615234,38.867820739746094,130.51397705078125,98.97018432617188,77.38082885742188,0.011284745298326015,0.5237429738044739,20.197593688964844,-338.89422607421875,2.1866025924682617,0.0,0.0
331,82.5,38.169769287109375,39.08392333984375,130.228515625,98.95982360839844,77.84629821777344,0.011308199726045132,0.525890588760376,20.194198608398438,-338.89422607421875,2.1323821544647217,0.0,0.0
332,82.75,37.809993743896484,39.3279914855957,127.69367980957031,98.97894287109375,77.62482452392578,0.011329309083521366,0.5278234481811523,20.191143035888672,-338.92425537109375,2.159414768218994,0.0,0.0
333,83,38.24868392944336,39.40970993041992,126.9937515258789,98.95663452148438,78.95735931396484,0.011341605335474014,0.5303691625595093,20.188392639160156,-338.9442443847656,2.0061702728271484,0.0,0.0
334,83.25,38.94157409667969,40.390899658203125,133.21978759765625,98.9542465209961,78.73383331298828,0.01135267224162817,0.5326603055000305,20.18476104736328,-339.0043029785156,2.031146764755249,0.0,0.0
335,83.5,38.37105178833008,39.53194808959961,129.9941864013672,98.9618148803711,78.47264862060547,0.011362632736563683,0.5347223281860352,20.18149185180664,-338.9742736816406,2.061352252960205,0.0,0.0
336,83.75,38.64431381225586,39.61566925048828,130.89942932128906,98.96221160888672,78.8537826538086,0.011371596716344357,0.5365781784057617,20.178550720214844,-338.95428466796875,2.0183351039886475,0.0,0.0
337,84,39.30660629272461,41.02077102661133,132.1473846435547,98.96102142333984,78.65605163574219,0.011381004936993122,0.5382484197616577,20.1759033203125,-339.02435302734375,2.0405383110046387,0.0,0.0
338,84.25,39.30209732055664,40.65431594848633,128.70120239257812,98.95982360839844,76.18544006347656,0.011389472521841526,0.5401611924171448,20.173521041870117,-339.02435302734375,2.32401180267334,0.0,0.0
339,84.5,39.790096282958984,40.92921829223633,131.42074584960938,98.95543670654297,76.79541778564453,0.01139709260314703,0.5418826937675476,20.171377182006836,-339.0543518066406,2.2527575492858887,0.0,0.0
340,84.75,40.195804595947266,41.221431732177734,128.4813690185547,98.95265197753906,77.22076416015625,0.011403950862586498,0.5434320569038391,20.16944694519043,-339.0543518066406,2.2034285068511963,0.0,0.0
341,85,40.18947982788086,41.130096435546875,128.83172607421875,98.95862579345703,76.77330780029297,0.011420846916735172,0.5448265075683594,20.167709350585938,-339.0843811035156,2.2556028366088867,0.0,0.0
342,85.25,40.28876495361328,41.78114318847656,130.3513946533203,98.94906616210938,76.12361907958984,0.011436053551733494,0.5460814833641052,20.16614532470703,-339.1044006347656,2.3302595615386963,0.0,0.0
343,85.5,40.16364288330078,42.12311935424805,129.4736328125,98.95225524902344,77.46066284179688,0.011449739336967468,0.547220766544342,20.164737701416016,-339.1644592285156,2.175830602645874,0.0,0.0
344,85.75,40.89057922363281,42.14152526855469,131.9428253173828,98.97615814208984,76.80073547363281,0.011462057009339333,0.5482460856437683,20.163471221923828,-339.1544189453125,2.254002809524536,0.0,0.0
345,86,40.7342529296875,42.43746566772461,134.14793395996094,98.96061706542969,76.9759521484375,0.011481189168989658,0.5491688847541809,20.16233253479004,-339.2044982910156,2.232358694076538,0.0,0.0
346,86.25,41.011512756347656,42.495811462402344,134.03497314453125,98.96221160888672,78.17257690429688,0.011498408392071724,0.5499994158744812,20.161306381225586,-339.1944580078125,2.095430850982666,0.0,0.0
347,86.5,41.44784164428711,42.741355895996094,130.6918182373047,98.9542465209961,76.90185546875,0.011513905599713326,0.5507566332817078,20.160383224487305,-339.2044982910156,2.2403440475463867,0.0,0.0
348,86.75,41.26941680908203,42.93607711791992,126.66249084472656,98.95464324951172,76.86337280273438,0.011527853086590767,0.5514381527900696,20.15955352783203,-339.2445373535156,2.2448267936706543,0.0,0.0
349,87,41.0151481628418,42.926658630371094,125.53971099853516,98.95942687988281,75.86898803710938,0.011540405452251434,0.5520514845848083,20.15880584716797,-339.2745666503906,2.360962152481079,0.0,0.0
350,87.25,41.28850173950195,42.5578498840332,126.47777557373047,98.9582290649414,76.43147277832031,0.011546337977051735,0.5526034832000732,20.158132553100586,-339.2845458984375,2.2952194213867188,0.0,0.0
351,87.5,41.9792594909668,43.28660583496094,135.91262817382812,98.95982360839844,76.43761444091797,0.011551677249372005,0.5528466105461121,20.15868377685547,-339.2945556640625,2.294649124145508,0.0,0.0
352,87.75,41.528690338134766,43.47943878173828,133.55105590820312,98.95743560791016,76.59236145019531,0.011556482873857021,0.5530654191970825,20.1591796875,-339.3045959472656,2.276463508605957,0.0,0.0
353,88,42.500953674316406,44.118377685546875,134.9081573486328,98.96260833740234,78.40223693847656,0.011560807935893536,0.5532623529434204,20.159626007080078,-339.3446044921875,2.0694003105163574,0.0,0.0
354,88.25,42.04852294921875,44.59748458862305,131.9993133544922,98.95783233642578,77.94823455810547,0.011564700864255428,0.5534395575523376,20.16002655029297,-339.3446044921875,2.120575189590454,0.0,0.0
355,88.5,42.85428237915039,44.17739486694336,134.12579345703125,98.96739196777344,78.43498992919922,0.011568204499781132,0.5533263087272644,20.16038703918457,-339.3646240234375,2.0661184787750244,0.0,0.0
356,88.75,42.921958923339844,44.97962951660156,126.9242935180664,98.95743560791016,79.0818099975586,0.011535851284861565,0.5532243847846985,20.16071128845215,-339.4246826171875,1.9922475814819336,0.0,0.0
357,89,42.84627151489258,44.91707992553711,128.8920135498047,98.9630126953125,78.10052490234375,0.011506733484566212,0.5531326532363892,20.16100311279297,-339.4346923828125,2.1036975383758545,0.0,0.0
358,89.25,43.26308059692383,45.234256744384766,137.8368377685547,98.95225524902344,77.81804656982422,0.011480527929961681,0.5530501008033752,20.161266326904297,-339.4346923828125,2.1349282264709473,0.0,0.0
359,89.5,43.41324234008789,44.52361297607422,130.8879852294922,98.95982360839844,75.55622100830078,0.011456942185759544,0.5529757738113403,20.161502838134766,-339.4547119140625,2.3977043628692627,0.0,0.0
360,89.75,43.372169494628906,45.44096374511719,129.15382385253906,98.95783233642578,76.82284545898438,0.011410295963287354,0.5527629852294922,20.16171646118164,-339.4947509765625,2.249799966812134,0.0,0.0
361,90,43.51399230957031,45.24283981323242,123.24835968017578,98.9829330444336,77.640380859375,0.011368313804268837,0.5525714755058289,20.161909103393555,-339.4547119140625,2.157992362976074,0.0,0.0
362,90.25,43.7667350769043,45.839359283447266,129.63621520996094,98.95384979248047,80.45651245117188,0.011330530047416687,0.5523990988731384,20.16254425048828,-339.5147399902344,1.8387892246246338,0.0,0.0
363,90.5,43.82408905029297,46.35172653198242,131.5665283203125,98.96221160888672,80.28170776367188,0.011296524666249752,0.5522440075874329,20.163116455078125,-339.5247802734375,1.858866572380066,0.0,0.0
364,90.75,44.134910583496094,45.86727523803711,126.17781066894531,98.96340942382812,79.58125305175781,0.011265919543802738,0.5521044135093689,20.163631439208984,-339.5548095703125,1.9368420839309692,0.0,0.0
365,91,43.57538986206055,46.0341911315918,129.46676635742188,98.96460723876953,80.37504577636719,0.01121565792709589,0.5516485571861267,20.164094924926758,-339.6348571777344,1.8487567901611328,0.0,0.0
366,91.25,44.1649055480957,46.07004928588867,123.5582504272461,98.95862579345703,80.6399154663086,0.011170421727001667,0.5512382388114929,20.165205001831055,-339.5948181152344,1.8189857006072998,0.0,0.0
367,91.5,44.34025573730469,46.37555694580078,129.9819793701172,98.97535705566406,81.90735626220703,0.011129709891974926,0.5508689880371094,20.16620445251465,-339.6448669433594,1.681914210319519,0.0,0.0
368,91.75,43.94517517089844,46.560203552246094,126.42282104492188,98.96022033691406,79.73681640625,0.01109306886792183,0.5505366325378418,20.167104721069336,-339.6448669433594,1.919203281402588,0.0,0.0
369,92,44.83222961425781,46.51189422607422,126.08393096923828,98.95902252197266,76.90308380126953,0.011053415015339851,0.5502375364303589,20.16999626159668,-339.6849060058594,2.2406303882598877,0.0,0.0
370,92.25,44.97947692871094,46.99359893798828,131.4276123046875,98.95304870605469,76.91168212890625,0.011017726734280586,0.5492520928382874,20.172597885131836,-339.7149353027344,2.239100933074951,0.0,0.0
371,92.5,45.27275085449219,47.23466873168945,136.47897338867188,98.96061706542969,78.05548858642578,0.010985607281327248,0.5483651757240295,20.17494010925293,-339.72491455078125,2.108607292175293,0.0,0.0
372,92.75,44.81252670288086,47.40153884887695,135.23941040039062,98.96061706542969,78.15210723876953,0.01096003782004118,0.5475669503211975,20.177047729492188,-339.7149353027344,2.0976152420043945,0.0,0.0
373,93,45.22500991821289,47.483150482177734,130.8246307373047,98.96022033691406,79.20298767089844,0.010937025770545006,0.5468485951423645,20.178945541381836,-339.7449645996094,1.978892207145691,0.0,0.0
374,93.25,46.00757598876953,47.69908142089844,129.62246704101562,98.95584106445312,79.85799407958984,0.010916315019130707,0.5462020635604858,20.180652618408203,-339.7749938964844,1.9053161144256592,0.0,0.0
375,93.5,45.911598205566406,47.585472106933594,129.0538330078125,98.95942687988281,80.21415710449219,0.010897674597799778,0.5450900197029114,20.18218994140625,-339.75494384765625,1.8660962581634521,0.0,0.0
376,93.75,46.164215087890625,48.52290725708008,131.001708984375,98.95623779296875,79.72085571289062,0.01088089868426323,0.5440891981124878,20.18380355834961,-339.7749938964844,1.9206242561340332,0.0,0.0
377,94,46.384178161621094,48.190635681152344,131.3138885498047,98.9506607055664,78.29415893554688,0.010865800082683563,0.5431884527206421,20.18525505065918,-339.84503173828125,2.080584764480591,0.0,0.0
378,94.25,45.78173065185547,48.025611877441406,133.96397399902344,98.95265197753906,76.96039581298828,0.010852211154997349,0.542377769947052,20.186561584472656,-339.82501220703125,2.233438730239868,0.0,0.0
379,94.5,46.23390579223633,48.42857360839844,131.98556518554688,98.96141815185547,76.4515380859375,0.010854675434529781,0.5414942502975464,20.1877384185791,-339.84503173828125,2.2931735515594482,0.0,0.0
380,94.75,45.99001693725586,48.16098403930664,130.7429656982422,98.96699523925781,78.72728729248047,0.010856893844902515,0.5406991243362427,20.18936538696289,-339.84503173828125,2.0330300331115723,0.0,0.0
381,95,46.854862213134766,48.87520980834961,127.2593765258789,98.95862579345703,78.9880599975586,0.010858889669179916,0.5399835109710693,20.190828323364258,-339.88507080078125,2.002894639968872,0.0,0.0
382,95.25,46.11666488647461,48.870365142822266,128.13026428222656,98.95464324951172,79.75933837890625,0.01086068619042635,0.5393394231796265,20.19214630126953,-339.88507080078125,1.9161933660507202,0.0,0.0
383,95.5,46.642822265625,48.975608825683594,129.4102783203125,98.95862579345703,80.35047912597656,0.010862302966415882,0.5385580062866211,20.193330764770508,-339.90509033203125,1.8509366512298584,0.0,0.0
384,95.75,47.06834411621094,48.89015579223633,127.24563598632812,98.95225524902344,80.83969116210938,0.010863758623600006,0.5378547310829163,20.19439697265625,-339.93511962890625,1.7964273691177368,0.0,0.0
385,96,47.18218994140625,49.792049407958984,130.45672607421875,98.95862579345703,81.10824584960938,0.010878436267375946,0.5372217893600464,20.195356369018555,-339.91510009765625,1.7675297260284424,0.0,0.0
386,96.25,47.44557189941406,49.7946891784668,129.00880432128906,98.95942687988281,79.39990234375,0.010891646146774292,0.536652147769928,20.19622039794922,-339.96514892578125,1.9567571878433228,0.0,0.0
387,96.5,47.61376953125,49.782405853271484,131.0772705078125,98.96858978271484,80.07210540771484,0.010903534479439259,0.5361394882202148,20.196998596191406,-339.99517822265625,1.8826693296432495,0.0,0.0
388,96.75,47.35205078125,49.857967376708984,135.8141632080078,98.97296905517578,78.95735931396484,0.010914234444499016,0.5356780886650085,20.19769859313965,-340.02520751953125,2.0076372623443604,0.0,0.0
389,97,47.66682052612305,49.9683723449707,130.73915100097656,98.95703125,78.984375,0.01093590259552002,0.5351380705833435,20.198328018188477,-340.0752258300781,2.0031659603118896,0.0,0.0
390,97.25,47.7893180847168,49.95610809326172,133.622802734375,98.96221160888672,79.04209899902344,0.010955404490232468,0.534652054309845,20.198894500732422,-340.05523681640625,1.9971399307250977,0.0,0.0
391,97.5,47.96419906616211,50.077640533447266,126.71134185791016,98.97615814208984,79.08836364746094,0.010972956195473671,0.5342146754264832,20.199405670166016,-340.1052551269531,1.993192195892334,0.0,0.0
392,97.75,48.20319366455078,50.7684326171875,133.92657470703125,98.96102142333984,79.24147033691406,0.010988752357661724,0.5338210463523865,20.199865341186523,-340.1252746582031,1.9746479988098145,0.0,0.0
393,98,47.98981475830078,50.79176712036133,136.53775024414062,98.96778869628906,80.40697479248047,0.01101300586014986,0.5334667563438416,20.200279235839844,-340.1352844238281,1.845513939857483,0.0,0.0
394,98.25,48.267784118652344,50.51529312133789,134.112060546875,98.97655487060547,80.42662811279297,0.011034834198653698,0.5336859822273254,20.199262619018555,-340.18536376953125,1.8441290855407715,0.0,0.0
395,98.5,48.74851608276367,51.3278923034668,130.91317749023438,98.9630126953125,79.86290740966797,0.011054479517042637,0.533883273601532,20.198348999023438,-340.1553039550781,1.9054135084152222,0.0,0.0
396,98.75,48.53589630126953,50.83898162841797,129.86595153808594,98.96340942382812,78.96636199951172,0.011072160676121712,0.5340608358383179,20.197526931762695,-340.2053527832031,2.005765438079834,0.0,0.0
397,99,48.4929313659668,50.96002960205078,127.42805480957031,98.96619415283203,77.89215087890625,0.011088073253631592,0.5342206358909607,20.196786880493164,-340.2153625488281,2.1277220249176025,0.0,0.0
398,99.25,48.687774658203125,51.079410552978516,128.4859619140625,98.95902252197266,79.59394836425781,0.01110641099512577,0.5343644618988037,20.196121215820312,-340.2253723144531,1.9350309371948242,0.0,0.0
399,99.5,48.68427658081055,51.36678695678711,130.10409545898438,98.96061706542969,79.0142593383789,0.011122914962470531,0.5344939231872559,20.194133758544922,-340.2754211425781,2.000126838684082,0.0,0.0
400,99.75,49.108177185058594,51.92879867553711,130.23614501953125,98.9618148803711,79.59967803955078,0.011137768626213074,0.5354405641555786,20.192344665527344,-340.2453918457031,1.9346424341201782,0.0,0.0
401,100,49.2645149230957,51.66252517700195,127.20365142822266,98.96659851074219,79.01180267333984,0.011151136830449104,0.5362924933433533,20.19073486328125,-340.3154296875,2.0009403228759766,0.0,0.0
402,100.25,48.732704162597656,51.626121520996094,130.35292053222656,98.96500396728516,77.99531555175781,0.011163168586790562,0.5370592474937439,20.189285278320312,-340.3254699707031,2.115854024887085,0.0,0.0
403,100.5,49.152488708496094,51.783992767333984,133.22817993164062,98.95783233642578,79.63160705566406,0.011173997074365616,0.5377493500709534,20.18798065185547,-340.37548828125,1.930721402168274,0.0,0.0
404,100.75,49.2138786315918,52.13910675048828,131.9481658935547,98.95543670654297,78.88080596923828,0.011183742433786392,0.5386126041412354,20.18680763244629,-340.37548828125,2.0146822929382324,0.0,0.0
405,101,49.4897346496582,52.390708923339844,128.56915283203125,98.95743560791016,76.46791076660156,0.01119251362979412,0.5393895506858826,20.18575096130371,-340.425537109375,2.2909131050109863,0.0,0.0
406,101.25,50.167518615722656,52.78265380859375,131.8794708251953,98.95942687988281,76.49329376220703,0.011200407519936562,0.5400887727737427,20.184799194335938,-340.4355773925781,2.2881429195404053,0.0,0.0
407,101.5,50.03937530517578,52.5101203918457,130.6735076904297,98.95942687988281,76.5751724243164,0.011206173337996006,0.54075688123703,20.183942794799805,-340.41552734375,2.2786364555358887,0.0,0.0
408,101.75,50.00226593017578,52.55998992919922,133.07705688476562,98.96659851074219,77.29117584228516,0.011211362667381763,0.5413581728935242,20.182941436767578,-340.45556640625,2.196582078933716,0.0,0.0
409,102,50.150962829589844,52.925350189208984,133.02056884765625,98.95942687988281,78.16233825683594,0.011216032318770885,0.5418993234634399,20.18204116821289,-340.4755859375,2.0963454246520996,0.0,0.0
410,102.25,50.67921829223633,53.266929626464844,125.88318634033203,98.9506607055664,79.44657135009766,0.011220235377550125,0.5423863530158997,20.181230545043945,-340.4755859375,1.9507488012313843,0.0,0.0
411,102.5,50.325645446777344,53.086639404296875,130.5406951904297,98.95743560791016,80.17649841308594,0.011224018409848213,0.5428246855735779,20.180500030517578,-340.515625,1.8700906038284302,0.0,0.0
412,102.75,50.759368896484375,53.46946716308594,129.41944885253906,98.95942687988281,78.5238265991211,0.011227422393858433,0.5435395240783691,20.17984390258789,-340.545654296875,2.055344581604004,0.0,0.0
413,103,50.67435836791992,53.484886169433594,131.7184295654297,98.96102142333984,76.96653747558594,0.011218440718948841,0.5441828966140747,20.17925262451172,-340.585693359375,2.2334814071655273,0.0,0.0
414,103.25,50.65341567993164,53.446109771728516,129.9369354248047,98.9630126953125,77.37428283691406,0.011210356839001179,0.5447618961334229,20.17779541015625,-340.585693359375,2.1867103576660156,0.0,0.0
415,103.5,50.68090057373047,53.49134063720703,128.47679138183594,98.95783233642578,77.29895782470703,0.011203081347048283,0.5452830195426941,20.176483154296875,-340.605712890625,2.1949000358581543,0.0,0.0
416,103.75,51.05417251586914,54.22821044921875,128.58517456054688,98.96141815185547,78.53324127197266,0.011196534149348736,0.5457520484924316,20.175302505493164,-340.605712890625,2.054457902908325,0.0,0.0
417,104,51.10648727416992,53.93691635131836,125.48399353027344,98.96340942382812,77.19456481933594,0.011170580983161926,0.5469926595687866,20.174240112304688,-340.6657409667969,2.207409143447876,0.0,0.0
418,104.25,51.343631744384766,53.86705780029297,132.45956420898438,98.95942687988281,75.38550567626953,0.01114722341299057,0.5481091737747192,20.17328453063965,-340.645751953125,2.417768716812134,0.0,0.0
419,104.5,51.49898910522461,54.06780242919922,130.52618408203125,98.95982360839844,75.41866302490234,0.01112620159983635,0.5491140484809875,20.17242431640625,-340.67578125,2.4138970375061035,0.0,0.0
420,104.75,51.64525604248047,54.36283874511719,124.1429214477539,98.95344543457031,76.20549774169922,0.011107281781733036,0.5500184297561646,20.171649932861328,-340.7257995605469,2.3211002349853516,0.0,0.0
421,105,52.020660400390625,54.918941497802734,128.4813690185547,98.96460723876953,76.29637908935547,0.011063536629080772,0.5508323907852173,20.17095184326172,-340.7158203125,2.3115122318267822,0.0,0.0
422,105.25,51.866397857666016,54.879913330078125,128.1287384033203,98.96380615234375,77.09590148925781,0.011024165898561478,0.5520934462547302,20.170324325561523,-340.745849609375,2.218809127807617,0.0,0.0
423,105.5,51.86021041870117,54.75275802612305,132.71908569335938,98.95663452148438,79.8412094116211,0.010988731868565083,0.5532283782958984,20.16975975036621,-340.7558288574219,1.9072556495666504,0.0,0.0
424,105.75,52.048099517822266,55.022743225097656,133.91207885742188,98.96619415283203,79.04209899902344,0.0109568415209651,0.5542498230934143,20.169252395629883,-340.7358093261719,1.9974968433380127,0.0,0.0
425,106,52.16891098022461,55.338104248046875,130.98416137695312,98.95942687988281,79.30901336669922,0.010895458981394768,0.5551691055297852,20.168794631958008,-340.7758483886719,1.9669338464736938,0.0,0.0
426,106.25,52.41475296020508,55.45369338989258,123.94293975830078,98.96380615234375,78.43990325927734,0.010840214788913727,0.5559964776039124,20.169771194458008,-340.8258972167969,2.065239667892456,0.0,0.0
427,106.5,52.33934783935547,55.611351013183594,126.62127685546875,98.96778869628906,79.41873168945312,0.01079049427062273,0.5559978485107422,20.1706485748291,-340.84588623046875,1.9554005861282349,0.0,0.0
428,106.75,52.80564498901367,55.699954986572266,131.27114868164062,98.9657974243164,80.68904113769531,0.010745746083557606,0.5559990406036377,20.171438217163086,-340.8158874511719,1.8142179250717163,0.0,0.0
429,107,52.48902130126953,55.98176956176758,135.3653564453125,98.96659851074219,79.29468536376953,0.010670846328139305,0.5560001134872437,20.172149658203125,-340.87591552734375,1.9691832065582275,0.0,0.0
430,107.25,52.746131896972656,56.21931457519531,134.3547821044922,98.96141815185547,78.42720794677734,0.010603437200188637,0.5560011267662048,20.175334930419922,-340.87591552734375,2.0664637088775635,0.0,0.0
431,107.5,53.18610763549805,56.013179779052734,127.98906707763672,98.95982360839844,77.35012817382812,0.010542768985033035,0.5547486543655396,20.17820167541504,-340.9360046386719,2.1891987323760986,0.0,0.0
432,107.75,53.14963150024414,56.06510925292969,126.25948333740234,98.97137451171875,77.8258285522461,0.010488167405128479,0.5536214113235474,20.180782318115234,-340.91595458984375,2.135756254196167,0.0,0.0
433,108,53.432281494140625,56.334293365478516,139.6427459716797,98.95942687988281,80.34966278076172,0.01040777936577797,0.5526068806648254,20.183103561401367,-340.94598388671875,1.8510984182357788,0.0,0.0
434,108.25,53.35625076293945,56.40404510498047,130.6132049560547,98.96659851074219,79.6455307006836,0.010335429571568966,0.5516937971115112,20.186811447143555,-340.97601318359375,1.929955005645752,0.0,0.0
435,108.5,53.34475326538086,56.62684631347656,127.55857849121094,98.97177124023438,79.62137603759766,0.01027031522244215,0.5496673583984375,20.190149307250977,-340.9960632324219,1.9331145286560059,0.0,0.0
436,108.75,53.32658004760742,56.738006591796875,130.4055938720703,98.97655487060547,79.24433135986328,0.010211711749434471,0.5478435754776001,20.193153381347656,-340.97601318359375,1.975721836090088,0.0,0.0
437,109,53.4343147277832,56.708900451660156,133.77392578125,98.95902252197266,78.84559631347656,0.010158969089388847,0.5462021827697754,20.19585609436035,-340.97601318359375,2.0189714431762695,0.0,0.0
438,109.25,53.95905303955078,56.87504577636719,134.33721923828125,98.9657974243164,78.67488861083984,0.010111500509083271,0.5447249412536621,20.19828987121582,-341.00604248046875,2.038839101791382,0.0,0.0
439,109.5,53.53327560424805,56.91958236694336,132.86105346679688,98.96818542480469,78.97127532958984,0.010045540519058704,0.5420004725456238,20.20047950744629,-341.04608154296875,2.005640983581543,0.0,0.0
440,109.75,53.82330322265625,57.38115310668945,134.4875946044922,98.9657974243164,79.57306671142578,0.00998617708683014,0.5395484566688538,20.2056884765625,-341.04608154296875,1.9379706382751465,0.0,0.0
441,110,53.968597412109375,57.165435791015625,129.0858917236328,98.95703125,79.34626770019531,0.009932749904692173,0.5373415946960449,20.210376739501953,-341.07611083984375,1.9625463485717773,0.0,0.0
442,110.25,54.02073669433594,57.26791000366211,128.37680053710938,98.96340942382812,79.71307373046875,0.009884664788842201,0.5353554487228394,20.214595794677734,-341.0960998535156,1.9221361875534058,0.0,0.0
443,110.5,54.14624786376953,57.6536865234375,133.10606384277344,98.9769515991211,79.88583374023438,0.009820165112614632,0.5322046875953674,20.218393325805664,-341.13616943359375,1.904115080833435,0.0,0.0
444,110.75,54.05646896362305,57.57146453857422,133.40602111816406,98.95862579345703,80.3713607788086,0.009762115776538849,0.5293689966201782,20.223661422729492,-341.14617919921875,1.848626971244812,0.0,0.0
445,111,54.0302848815918,57.53759002685547,133.96551513671875,98.95703125,78.43130493164062,0.009709871374070644,0.5268169045448303,20.228403091430664,-341.14617919921875,2.065605878829956,0.0,0.0
446,111.25,54.22571563720703,57.532894134521484,136.43470764160156,98.96221160888672,78.4300765991211,0.009662851691246033,0.5245200395584106,20.232669830322266,-341.18621826171875,2.0662100315093994,0.0,0.0
447,111.5,54.472137451171875,57.94497299194336,132.46261596679688,98.95464324951172,77.33170318603516,0.00962053332477808,0.5224528312683105,20.23651123046875,-341.20623779296875,2.1908504962921143,0.0,0.0
448,111.75,54.9019889831543,57.98142623901367,138.8855743408203,98.9657974243164,76.75979614257812,0.00958244688808918,0.5191855430603027,20.239967346191406,-341.21624755859375,2.2578108310699463,0.0,0.0
449,112,54.57367706298828,58.2802848815918,132.9205780029297,98.95623779296875,76.81793212890625,0.009493885561823845,0.5162449479103088,20.244234085083008,-341.2362365722656,2.250225305557251,0.0,0.0
450,112.25,54.75326156616211,58.36690902709961,133.31748962402344,98.95344543457031,74.34608459472656,0.009414180181920528,0.5135984420776367,20.248075485229492,-341.2562561035156,2.5406017303466797,0.0,0.0
451,112.5,54.995201110839844,58.2525634765625,133.1289520263672,98.96659851074219,73.85523986816406,0.009342445060610771,0.5112165808677673,20.25153160095215,-341.2962951660156,2.600642204284668,0.0,0.0
452,112.75,54.72370529174805,58.09187316894531,129.97816467285156,98.95543670654297,76.94156646728516,0.009200679138302803,0.5090728998184204,20.254642486572266,-341.2962951660156,2.23586368560791,0.0,0.0
453,113,54.97969436645508,58.348934173583984,131.2261199951172,98.95783233642578,79.00811767578125,0.009073089808225632,0.5071436166763306,20.26530647277832,-341.3063049316406,2.0005674362182617,0.0,0.0
454,113.25,54.88033676147461,58.40989685058594,132.2611083984375,98.9657974243164,80.27802276611328,0.008958258666098118,0.5026698112487793,20.274904251098633,-341.2962951660156,1.859596848487854,0.0,0.0
455,113.5,55.05183792114258,58.72258758544922,132.8457794189453,98.96659851074219,80.8040771484375,0.008854910731315613,0.4986433982849121,20.28354263305664,-341.2962951660156,1.801630973815918,0.0,0.0
456,113.75,54.637916564941406,58.107421875,130.92156982421875,98.9657974243164,80.20801544189453,0.00867449026554823,0.4950196146965027,20.291316986083984,-341.3263244628906,1.8673490285873413,0.0,0.0
457,114,54.43198776245117,58.36386489868164,137.52236938476562,98.96380615234375,79.34545135498047,0.008512112312018871,0.49175822734832764,20.307565689086914,-341.3163146972656,1.9632463455200195,0.0,0.0
458,114.25,55.13479995727539,58.636070251464844,139.6595458984375,98.9705810546875,80.20515441894531,0.008365971967577934,0.48882296681404114,20.322189331054688,-341.3363342285156,1.86809504032135,0.0,0.0
459,114.5,55.14463806152344,58.6077766418457,138.60240173339844,98.97535705566406,80.43891143798828,0.008234445936977863,0.4819015860557556,20.335350036621094,-341.3363342285156,1.8426649570465088,0.0,0.0
460,114.75,55.273338317871094,58.79661178588867,139.8297576904297,98.96380615234375,80.46633911132812,0.008016640320420265,0.4756723642349243,20.34719467163086,-341.3263244628906,1.8385980129241943,0.0,0.0
461,115,55.0477294921875,58.97150421142578,136.3759307861328,98.96500396728516,79.33849334716797,0.0078206155449152,0.47006604075431824,20.368032455444336,-341.3563537597656,1.9641329050064087,0.0,0.0
462,115.25,54.81767272949219,58.932987213134766,142.58746337890625,98.96898651123047,79.07608032226562,0.00764419324696064,0.4650203585624695,20.38678741455078,-341.3663635253906,1.9939285516738892,0.0,0.0
463,115.5,55.02484893798828,59.17646026611328,137.53993225097656,98.9630126953125,78.66669464111328,0.007485412992537022,0.4557613432407379,20.40366554260254,-341.3563537597656,2.0395145416259766,0.0,0.0
464,115.75,55.6821403503418,59.128257751464844,141.2318878173828,98.96260833740234,82.23527526855469,0.007342510856688023,0.44742822647094727,20.418855667114258,-341.3863830566406,1.6452661752700806,0.0,0.0
465,116,54.79111099243164,58.852169036865234,141.31967163085938,98.95783233642578,82.98157501220703,0.0072138989344239235,0.43992841243743896,20.432527542114258,-341.3863830566406,1.5645612478256226,0.0,0.0
466,116.25,55.669464111328125,58.925743103027344,146.15882873535156,98.96858978271484,84.17655944824219,0.006975200027227402,0.433178573846817,20.44483184814453,-341.3663635253906,1.438480019569397,0.0,0.0
467,116.5,55.208526611328125,58.747894287109375,148.68069458007812,98.95623779296875,84.57243347167969,0.006760370917618275,0.42240968346595764,20.45590591430664,-341.3963928222656,1.3956794738769531,0.0,0.0
468,116.75,55.447181701660156,58.765682220458984,145.8382568359375,98.96460723876953,85.123046875,0.006567024625837803,0.41271770000457764,20.465871810913086,-341.4364318847656,1.3387672901153564,0.0,0.0
469,117,54.46742248535156,58.69348907470703,142.24017333984375,98.95584106445312,86.04661560058594,0.006393013056367636,0.40399491786956787,20.483400344848633,-341.4164123535156,1.2420909404754639,0.0,0.0
470,117.25,55.24611282348633,58.97537612915039,146.3397216796875,98.96500396728516,86.69670867919922,0.0062364027835428715,0.3916534185409546,20.499176025390625,-341.3863830566406,1.1760331392288208,0.0,0.0
471,117.5,54.7110481262207,58.87518310546875,146.47177124023438,98.95703125,87.74144744873047,0.006095453165471554,0.38054609298706055,20.51337432861328,-341.4063720703125,1.068879246711731,0.0,0.0
472,117.75,54.70448303222656,58.60955810546875,147.9029083251953,98.96699523925781,88.30803680419922,0.005850278306752443,0.3705494999885559,20.526151657104492,-341.3963928222656,1.0125788450241089,0.0,0.0
473,118,54.151580810546875,58.387054443359375,143.8621368408203,98.95663452148438,87.69641876220703,0.005629620980471373,0.36155256628990173,20.544382095336914,-341.4264221191406,1.0734052658081055,0.0,0.0
474,118.25,54.267574310302734,58.12202072143555,146.71678161621094,98.95543670654297,89.41254425048828,0.005431029479950666,0.3534553050994873,20.560789108276367,-341.4063720703125,0.9010922312736511,0.0,0.0
475,118.5,54.33302688598633,58.42594909667969,149.7843780517578,98.96141815185547,90.16785430908203,0.005252297036349773,0.34616777300834656,20.5755558013916,-341.3863830566406,0.8268826007843018,0.0,0.0
476,118.75,53.99843978881836,58.244598388671875,145.5314178466797,98.9733657836914,91.67028045654297,0.005021301098167896,0.3340601623058319,20.58884620666504,-341.3763427734375,0.6811155676841736,0.0,0.0
477,119,54.131771087646484,58.20661926269531,147.54417419433594,98.96141815185547,91.81315612792969,0.004813404753804207,0.32316330075263977,20.608205795288086,-341.3963928222656,0.6662049293518066,0.0,0.0
478,119.25,54.03211975097656,58.225059509277344,153.4969482421875,98.95663452148438,92.20124816894531,0.004626298323273659,0.3133561313152313,20.625629425048828,-341.3963928222656,0.6282942295074463,0.0,0.0
479,119.5,53.6728515625,57.92512512207031,155.2440948486328,98.96818542480469,92.95287322998047,0.004457902628928423,0.30452969670295715,20.64130973815918,-341.3863830566406,0.5571886897087097,0.0,0.0
480,119.75,53.85194778442383,57.59175491333008,148.9547119140625,98.95862579345703,94.6497573852539,0.004457902628928423,0.29658588767051697,20.64130973815918,-341.4063720703125,0.39558079838752747,0.0,0.0
481,120,53.8052864074707,58.056541442871094,152.7588653564453,98.95464324951172,94.80204772949219,0.00424990663304925,0.2894364595413208,20.65542221069336,-341.3863830566406,0.38093796372413635,0.0,0.0
482,120.25,53.02201461791992,57.30699920654297,153.95950317382812,98.96061706542969,94.6432113647461,0.004062709864228964,0.28300198912620544,20.676910400390625,-341.3763427734375,0.39637407660484314,0.0,0.0
483,120.5,53.58756637573242,57.43767166137695,155.86082458496094,98.97416687011719,94.02095031738281,0.003894232911989093,0.2711823582649231,20.69624900817871,-341.3763427734375,0.4562055766582489,0.0,0.0
484,120.75,53.319149017333984,57.43769073486328,150.6171112060547,98.9582290649414,94.84380340576172,0.0037426038179546595,0.26054468750953674,20.713653564453125,-341.3763427734375,0.37734684348106384,0.0,0.0
485,121,53.355525970458984,57.14390563964844,154.01597595214844,98.95344543457031,95.344482421875,0.003554378170520067,0.2509707808494568,20.729318618774414,-341.3763427734375,0.33013254404067993,0.0,0.0
486,121.25,53.27616882324219,57.30057907104492,153.7190704345703,98.96659851074219,95.5794677734375,0.003384975017979741,0.24235427379608154,20.748733520507812,-341.3663635253906,0.3094406723976135,0.0,0.0
487,121.5,52.691253662109375,56.97002410888672,152.51919555664062,98.96699523925781,95.58069610595703,0.0032325121574103832,0.23181915283203125,20.766206741333008,-341.3763427734375,0.30936190485954285,0.0,0.0
488,121.75,53.235084533691406,57.23598098754883,152.4176788330078,98.95942687988281,94.76561737060547,0.003095295513048768,0.222337543964386,20.781932830810547,-341.3763427734375,0.3847822844982147,0.0,0.0
489,122,52.5551872253418,56.666221618652344,147.7723846435547,98.96061706542969,94.70256805419922,0.00297180050984025,0.21380409598350525,20.79608726501465,-341.3863830566406,0.3908025622367859,0.0,0.0
490,122.25,52.489166259765625,56.815242767333984,152.5184326171875,98.96619415283203,95.86029815673828,0.0028198224026709795,0.20413748919963837,20.808826446533203,-341.3763427734375,0.28333503007888794,0.0,0.0
491,122.5,51.92211151123047,56.33346176147461,153.27102661132812,98.96778869628906,95.98516082763672,0.0026830420829355717,0.19543755054473877,20.8227481842041,-341.3963928222656,0.2719111442565918,0.0,0.0
492,122.75,51.66385269165039,56.41297912597656,154.09918212890625,98.95584106445312,96.21604919433594,0.002559939632192254,0.19543755054473877,20.835277557373047,-341.3963928222656,0.2494899183511734,0.0,0.0
493,123,51.601261138916016,55.803890228271484,151.43992614746094,98.96778869628906,96.60987854003906,0.002449147403240204,0.18760760128498077,20.846553802490234,-341.3863830566406,0.21426638960838318,0.0,0.0
494,123.25,51.43177032470703,55.89057159423828,155.4585723876953,98.95783233642578,96.55256652832031,0.002349434420466423,0.1805606484413147,20.85670280456543,-341.3963928222656,0.21864545345306396,0.0,0.0
495,123.5,51.10594940185547,55.122467041015625,154.5464630126953,98.96778869628906,96.08259582519531,0.0022596928756684065,0.17421838641166687,20.86583709716797,-341.4063720703125,0.26289576292037964,0.0,0.0
496,123.75,50.83428955078125,55.16196060180664,150.7667236328125,98.95464324951172,96.31021118164062,0.002149630105122924,0.1666230857372284,20.87636947631836,-341.4063720703125,0.2406909316778183,0.0,0.0
497,124,51.3389778137207,55.48344039916992,157.97738647460938,98.94508361816406,96.45677185058594,0.002050573704764247,0.15978731215000153,20.885848999023438,-341.4063720703125,0.22632014751434326,0.0,0.0
498,124.25,51.20217514038086,55.55914306640625,155.3249969482422,98.95703125,97.30541229248047,0.0019614228513091803,0.15363511443138123,20.894380569458008,-341.4063720703125,0.1495576798915863,0.0,0.0
499,124.5,50.68964385986328,55.24317169189453,152.51080322265625,98.96141815185547,97.23295593261719,0.001881187199614942,0.14687620103359222,20.90205955505371,-341.3963928222656,0.15656998753547668,0.0,0.0
500,124.75,50.82834243774414,55.368106842041016,153.3084259033203,98.95145416259766,96.78386688232422,0.0017987962346524,0.14079317450523376,20.90896987915039,-341.3963928222656,0.19681143760681152,0.0,0.0
501,125,50.24528121948242,54.70052719116211,156.88818359375,98.9506607055664,96.54805755615234,0.0017246444476768374,0.13531844317913055,20.916807174682617,-341.3963928222656,0.2184160053730011,0.0,0.0
502,125.25,50.40331268310547,54.77027893066406,154.5777587890625,98.95982360839844,97.1248779296875,0.0016579077346250415,0.1303911954164505,20.923860549926758,-341.3963928222656,0.16630931198596954,0.0,0.0
503,125.5,50.181602478027344,54.41037368774414,155.5875701904297,98.95464324951172,97.29804992675781,0.0015978447627276182,0.1259566694498062,20.93021011352539,-341.4063720703125,0.15001490712165833,0.0,0.0
504,125.75,50.09824752807617,54.43653869628906,154.64797973632812,98.96022033691406,97.31360626220703,0.0015291649615392089,0.12196559458971024,20.935924530029297,-341.3963928222656,0.14909519255161285,0.0,0.0
505,126,49.95279312133789,54.04901123046875,155.64175415039062,98.95384979248047,97.8069076538086,0.0014673530822619796,0.1169791966676712,20.942453384399414,-341.3863830566406,0.1035936251282692,0.0,0.0
506,126.25,49.91352844238281,53.94508361816406,155.35552978515625,98.96141815185547,97.40203094482422,0.0014117223909124732,0.1124914363026619,20.94832992553711,-341.3863830566406,0.14113245904445648,0.0,0.0
507,126.5,49.693477630615234,53.759525299072266,153.1817169189453,98.96022033691406,97.22845458984375,0.0013616547221317887,0.1084524542093277,20.9536190032959,-341.3963928222656,0.156873881816864,0.0,0.0
508,126.75,49.18934631347656,53.39029312133789,155.5242156982422,98.96141815185547,97.5453109741211,0.0012981725158169866,0.10481736809015274,20.9583797454834,-341.3863830566406,0.1280709058046341,0.0,0.0
509,127,48.36473846435547,52.14985656738281,154.67774963378906,98.96022033691406,97.52238464355469,0.001241038553416729,0.1015457883477211,20.96381950378418,-341.3963928222656,0.130052387714386,0.0,0.0
510,127.25,47.874149322509766,52.35841369628906,156.4401397705078,98.95584106445312,96.96849822998047,0.0011896179057657719,0.09774298220872879,20.96871566772461,-341.3963928222656,0.18026985228061676,0.0,0.0
511,127.5,47.81039810180664,51.77406311035156,155.45094299316406,98.96500396728516,96.98937225341797,0.0011217648861929774,0.09432045370340347,20.973121643066406,-341.3863830566406,0.17917987704277039,0.0,0.0
512,127.75,47.5846061706543,52.32563781738281,156.41725158691406,98.94827270507812,97.11627960205078,0.0010606971336528659,0.09124018251895905,20.977550506591797,-341.3863830566406,0.166058748960495,0.0,0.0
513,128,47.75165557861328,52.09886932373047,157.93081665039062,98.9506607055664,96.89234924316406,0.0010057361796498299,0.08846793323755264,20.981536865234375,-341.3763427734375,0.1867860108613968,0.0,0.0
514,128.25,48.301025390625,51.919342041015625,158.8467559814453,98.95584106445312,97.10932159423828,0.0009562713094055653,0.08551633358001709,20.985124588012695,-341.3763427734375,0.167374849319458,0.0,0.0
515,128.5,47.48594284057617,51.91215896606445,155.426513671875,98.95384979248047,97.064697265625,0.0009117529261857271,0.08285989612340927,20.988351821899414,-341.3763427734375,0.17128044366836548,0.0,0.0
516,128.75,47.277591705322266,51.454986572265625,153.5450439453125,98.9406967163086,97.51952362060547,0.0008514028158970177,0.08046910166740417,20.991256713867188,-341.3763427734375,0.12855952978134155,0.0,0.0
517,129,47.08889389038086,50.830020904541016,154.32357788085938,98.94866943359375,97.58666229248047,0.0007970876758918166,0.07831738889217377,20.994333267211914,-341.3663635253906,0.12316014617681503,0.0,0.0
518,129.25,46.16475296020508,50.3924560546875,158.6307373046875,98.94985961914062,97.55145263671875,0.0007482040673494339,0.07606742531061172,20.997102737426758,-341.3763427734375,0.12647327780723572,0.0,0.0
519,129.5,47.091712951660156,50.84663009643555,156.01805114746094,98.9657974243164,97.4642562866211,0.0007042087963782251,0.07404246181249619,20.999595642089844,-341.3663635253906,0.13585026562213898,0.0,0.0
520,129.75,46.093177795410156,50.68284606933594,155.8592987060547,98.94468688964844,97.46138763427734,0.0006646130932494998,0.07221999019384384,21.00183868408203,-341.3663635253906,0.13421647250652313,0.0,0.0
521,130,47.10586929321289,51.33528137207031,153.771728515625,98.95026397705078,97.43109893798828,0.0006289769662544131,0.07057976722717285,21.00385856628418,-341.3663635253906,0.13747958838939667,0.0,0.0
522,130.25,46.42386245727539,50.71723937988281,153.06265258789062,98.95663452148438,97.2894515991211,0.0005931037594564259,0.06886875629425049,21.00590705871582,-341.3663635253906,0.15097932517528534,0.0,0.0
523,130.5,46.18088150024414,50.62845993041992,153.08250427246094,98.94468688964844,96.99101257324219,0.0005608178908005357,0.06732884794473648,21.007749557495117,-341.3563537597656,0.1772051602602005,0.0,0.0
524,130.75,45.99897384643555,50.23316955566406,155.49826049804688,98.94508361816406,97.29067993164062,0.0005317606264725327,0.0659429281949997,21.009408950805664,-341.3663635253906,0.14982952177524567,0.0,0.0
525,131,46.15449142456055,50.21098327636719,156.9828338623047,98.94707489013672,97.15721893310547,0.0005056090885773301,0.06469559669494629,21.010902404785156,-341.3563537597656,0.1622060090303421,0.0,0.0
526,131.25,45.78609085083008,49.960208892822266,153.23667907714844,98.95862579345703,97.37255096435547,0.00048709235852584243,0.06337393075227737,21.012245178222656,-341.3563537597656,0.14357174932956696,0.0,0.0
527,131.5,45.346153259277344,50.256072998046875,157.8773956298828,98.94985961914062,97.02539825439453,0.0004704273014795035,0.06218443065881729,21.01345443725586,-341.3563537597656,0.1745206117630005,0.0,0.0
528,131.75,45.19822311401367,49.65050506591797,155.3631591796875,98.94229125976562,97.24769592285156,0.0004554287588689476,0.0611138790845871,21.014543533325195,-341.3563537597656,0.15350542962551117,0.0,0.0
529,132,45.57993698120117,49.70746612548828,155.44712829589844,98.94428253173828,97.63742065429688,0.0004419300821609795,0.0601503849029541,21.01552391052246,-341.3663635253906,0.11814529448747635,0.0,0.0
530,132.25,45.251949310302734,49.42631530761719,155.01129150390625,98.95344543457031,97.45197296142578,0.00042978127021342516,0.059283237904310226,21.01640510559082,-341.3763427734375,0.13586173951625824,0.0,0.0
531,132.5,44.80900192260742,49.40592575073242,151.8719482421875,98.95145416259766,97.21084594726562,0.00042201546602882445,0.05833939462900162,21.01719856262207,-341.3663635253906,0.15769602358341217,0.0,0.0
532,132.75,45.048011779785156,49.104705810546875,157.24693298339844,98.94149780273438,97.25628662109375,0.00041502623935230076,0.05748993530869484,21.018230438232422,-341.3663635253906,0.15264959633350372,0.0,0.0
533,133,44.643775939941406,49.45707321166992,157.8163299560547,98.9355239868164,96.9660415649414,0.00040873594116419554,0.05672542005777359,21.0191593170166,-341.3563537597656,0.17867013812065125,0.0,0.0
534,133.25,44.29258728027344,48.91770935058594,155.1196746826172,98.96102142333984,96.94884490966797,0.0004030746640637517,0.056037358939647675,21.019994735717773,-341.3663635253906,0.1825365126132965,0.0,0.0
535,133.5,44.31917953491211,48.66584014892578,161.04193115234375,98.949462890625,97.1817855834961,0.00039544518222101033,0.05541810393333435,21.0207462310791,-341.3763427734375,0.1601744443178177,0.0,0.0
536,133.75,44.58717727661133,48.285491943359375,154.7639923095703,98.93511962890625,98.0877456665039,0.00038857865729369223,0.05486077442765236,21.02142333984375,-341.3763427734375,0.0764341652393341,0.0,0.0
537,134,44.019813537597656,48.286285400390625,153.7091522216797,98.94149780273438,97.53385162353516,0.00038239877903833985,0.05421006307005882,21.022031784057617,-341.3663635253906,0.12732642889022827,0.0,0.0
538,134.25,44.28096389770508,47.96258544921875,158.22621154785156,98.9466781616211,96.98773193359375,0.00037683689151890576,0.05362442508339882,21.022579193115234,-341.3763427734375,0.17768484354019165,0.0,0.0
539,134.5,44.281036376953125,47.973140716552734,155.3311004638672,98.94388580322266,96.69503021240234,0.0003686634881887585,0.05309734866023064,21.023073196411133,-341.3663635253906,0.20429174602031708,0.0,0.0
540,134.75,44.009803771972656,47.78960037231445,156.1523895263672,98.92874908447266,96.46044921875,0.00036130743683315814,0.05262298136949539,21.02374839782715,-341.3563537597656,0.2245149314403534,0.0,0.0
541,135,43.83515548706055,47.460391998291016,153.5977020263672,98.94906616210938,97.20143127441406,0.0003546869847923517,0.05213254690170288,21.024354934692383,-341.3463439941406,0.15834221243858337,0.0,0.0
542,135.25,43.53767013549805,47.877037048339844,154.25030517578125,98.94268798828125,96.32372283935547,0.0003487285866867751,0.05169115588068962,21.02490234375,-341.3463439941406,0.23837096989154816,0.0,0.0
543,135.5,44.0463981628418,47.62522506713867,158.07049560546875,98.95026397705078,96.96644592285156,0.00034463274641893804,0.05129390209913254,21.025394439697266,-341.3463439941406,0.17995738983154297,0.0,0.0
544,135.75,43.1890869140625,47.622764587402344,154.44265747070312,98.93990325927734,97.12979125976562,0.0003409464843571186,0.05093637481331825,21.025836944580078,-341.3563537597656,0.164070725440979,0.0,0.0
545,136,43.23362731933594,46.986080169677734,154.97694396972656,98.93671417236328,96.8194808959961,0.00033762885141186416,0.05050816386938095,21.026235580444336,-341.3563537597656,0.19221840798854828,0.0,0.0
546,136.25,43.104862213134766,47.34253692626953,155.76693725585938,98.93472290039062,96.93164825439453,0.000334642973029986,0.05012277513742447,21.026594161987305,-341.3563537597656,0.18175092339515686,0.0,0.0
547,136.5,42.88644027709961,47.42190170288086,159.2344970703125,98.93870544433594,97.4306869506836,0.000331955699948594,0.049775924533605576,21.02691650390625,-341.3563537597656,0.13647928833961487,0.0,0.0
548,136.75,42.892356872558594,46.65603256225586,155.21966552734375,98.9355239868164,97.08312225341797,0.0003377751272637397,0.04946376010775566,21.027206420898438,-341.3563537597656,0.16794760525226593,0.0,0.0
549,137,42.514190673828125,46.78833770751953,150.55682373046875,98.93671417236328,97.02212524414062,0.0003430125943850726,0.04918281361460686,21.027700424194336,-341.3663635253906,0.17363978922367096,0.0,0.0
550,137.25,43.005558013916016,46.76781463623047,156.95993041992188,98.93193817138672,97.306640625,0.0003477263089735061,0.04885193333029747,21.02814483642578,-341.3563537597656,0.14719192683696747,0.0,0.0
551,137.5,42.599300384521484,46.23667907714844,154.96473693847656,98.93870544433594,96.94147491455078,0.00035196865792386234,0.04855414107441902,21.02854347229004,-341.3563537597656,0.18120813369750977,0.0,0.0
552,137.75,42.47377014160156,46.321598052978516,156.98130798339844,98.93034362792969,97.13020324707031,0.00035578678944148123,0.04828612506389618,21.028902053833008,-341.3563537597656,0.16317428648471832,0.0,0.0
553,138,42.30835723876953,46.535804748535156,156.3416748046875,98.934326171875,97.19242858886719,0.00036619609454646707,0.04804491251707077,21.029226303100586,-341.3563537597656,0.15784169733524323,0.0,0.0
554,138.25,42.093475341796875,46.32048797607422,153.12295532226562,98.93990325927734,97.13224792480469,0.00037556447205133736,0.04781363904476166,21.029518127441406,-341.3663635253906,0.16384609043598175,0.0,0.0
555,138.5,41.71624755859375,45.621192932128906,155.2524871826172,98.94149780273438,97.49004364013672,0.0003839959972538054,0.0476054921746254,21.0297794342041,-341.3663635253906,0.13131850957870483,0.0,0.0
556,138.75,41.671302795410156,45.80762481689453,154.43043518066406,98.9207763671875,97.31851196289062,0.00039158438448794186,0.04741815850138664,21.03001594543457,-341.3863830566406,0.14510482549667358,0.0,0.0
557,139,41.5566520690918,45.866695404052734,157.7499237060547,98.95304870605469,97.25096893310547,0.00040919537423178554,0.04724955931305885,21.030227661132812,-341.3863830566406,0.15417276322841644,0.0,0.0
558,139.25,41.5326042175293,45.62339401245117,157.7125244140625,98.9331283569336,96.88170623779297,0.0004250452620908618,0.047069452702999115,21.030418395996094,-341.3863830566406,0.1861875206232071,0.0,0.0
559,139.5,41.33699417114258,45.36318588256836,159.5413360595703,98.93791198730469,97.11219024658203,0.00043931015534326434,0.04690735414624214,21.030590057373047,-341.3863830566406,0.16550251841545105,0.0,0.0
560,139.75,41.12759780883789,45.80400466918945,154.2808380126953,98.91838836669922,96.54601287841797,0.000452148582553491,0.046761468052864075,21.030744552612305,-341.3763427734375,0.21570564806461334,0.0,0.0
561,140,41.1738166809082,45.33571243286133,153.68930053710938,98.92874908447266,97.1883316040039,0.00046370315249077976,0.046630170196294785,21.0308837890625,-341.3763427734375,0.1577157825231552,0.0,0.0
562,140.25,41.11661148071289,44.833499908447266,157.11183166503906,98.92755126953125,96.84076690673828,0.00047410227125510573,0.046512000262737274,21.031009674072266,-341.3763427734375,0.1894419640302658,0.0,0.0
563,140.5,40.80082702636719,45.16114044189453,153.86485290527344,98.93273162841797,96.81620788574219,0.0004923453088849783,0.04631347954273224,21.0311222076416,-341.3763427734375,0.19216035306453705,0.0,0.0
564,140.75,40.45070266723633,45.05648422241211,152.88938903808594,98.919189453125,97.0716552734375,0.0005087640602141619,0.04613481089472771,21.03122329711914,-341.3863830566406,0.16753077507019043,0.0,0.0
565,141,40.703182220458984,45.008602142333984,155.66160583496094,98.93511962890625,97.60221862792969,0.0005235408898442984,0.0459740087389946,21.031314849853516,-341.3963928222656,0.12052715569734573,0.0,0.0
566,141.25,40.37882614135742,44.542999267578125,155.54405212402344,98.9355239868164,97.13593292236328,0.0005368400597944856,0.04582928866147995,21.031396865844727,-341.3963928222656,0.16311603784561157,0.0,0.0
567,141.5,40.332096099853516,44.35996627807617,156.15391540527344,98.93352508544922,97.65994262695312,0.0005488093011081219,0.045656509697437286,21.031471252441406,-341.3963928222656,0.11513020843267441,0.0,0.0
568,141.75,39.91621017456055,44.445335388183594,157.99111938476562,98.9144058227539,97.82737731933594,0.0005621203454211354,0.04550100862979889,21.031538009643555,-341.3963928222656,0.09819162636995316,0.0,0.0
569,142,40.32478713989258,44.213714599609375,153.67709350585938,98.9219741821289,96.96562957763672,0.0005741002969443798,0.04536105692386627,21.031597137451172,-341.4164123535156,0.17749172449111938,0.0,0.0
570,142.25,40.28889083862305,44.0797119140625,153.53665161132812,98.94548034667969,97.0716552734375,0.0005848822765983641,0.045235101133584976,21.03165054321289,-341.3963928222656,0.16989214718341827,0.0,0.0
571,142.5,40.1292724609375,44.57195281982422,157.33546447753906,98.92635345458984,97.23172760009766,0.0005945860757492483,0.04512174054980278,21.031700134277344,-341.4063720703125,0.15353356301784515,0.0,0.0
572,142.75,40.223270416259766,44.317413330078125,153.89385986328125,98.9179916381836,97.158447265625,0.0005976550164632499,0.045019716024398804,21.0317440032959,-341.3963928222656,0.15948155522346497,0.0,0.0
573,143,39.56275177001953,43.746341705322266,156.61874389648438,98.94587707519531,97.16336059570312,0.0006004170281812549,0.04492080584168434,21.03169822692871,-341.3963928222656,0.16153720021247864,0.0,0.0
574,143.25,40.07192611694336,43.77278518676758,158.52540588378906,98.93273162841797,97.39097595214844,0.0006029028445482254,0.044831786304712296,21.03165626525879,-341.3963928222656,0.1395653337240219,0.0,0.0
575,143.5,40.01498794555664,43.059913635253906,152.57797241210938,98.94906616210938,97.06429290771484,0.0006051401142030954,0.044751670211553574,21.031618118286133,-341.3863830566406,0.17088766396045685,0.0,0.0
576,143.75,39.711910247802734,43.82698440551758,153.06875610351562,98.92356872558594,97.42904663085938,0.0006071536336094141,0.044679563492536545,21.031583786010742,-341.4063720703125,0.1352691799402237,0.0,0.0
577,144,38.86351013183594,43.27186584472656,152.14749145507812,98.93870544433594,97.09990692138672,0.0006089658127166331,0.04461466893553734,21.031553268432617,-341.3863830566406,0.16669811308383942,0.0,0.0
578,144.25,39.40402603149414,43.65798568725586,155.4959716796875,98.93990325927734,97.25505828857422,0.0005909351166337729,0.04452082887291908,21.031526565551758,-341.3863830566406,0.15261836349964142,0.0,0.0
579,144.5,38.98774337768555,43.629310607910156,156.3432159423828,98.92715454101562,97.1019515991211,0.0005747074610553682,0.04443637281656265,21.0317325592041,-341.3963928222656,0.16547340154647827,0.0,0.0
580,144.75,39.081520080566406,43.275760650634766,158.68417358398438,98.92118072509766,96.81088256835938,0.0005601025768555701,0.044360361993312836,21.031917572021484,-341.4063720703125,0.19161197543144226,0.0,0.0
581,145,38.99856185913086,43.20661926269531,157.39881896972656,98.92794799804688,96.983642578125,0.0005469581810757518,0.04429195448756218,21.032085418701172,-341.4063720703125,0.1763775646686554,0.0,0.0
582,145.25,39.06697463989258,43.15737533569336,158.69485473632812,98.9255599975586,97.19160461425781,0.000520553789101541,0.04420875757932663,21.032236099243164,-341.4063720703125,0.15712988376617432,0.0,0.0
583,145.5,38.59844207763672,42.65504837036133,153.90835571289062,98.92874908447266,97.85848999023438,0.000496789813041687,0.044133879244327545,21.032371520996094,-341.4063720703125,0.09665463864803314,0.0,0.0
584,145.75,38.6036376953125,42.36103057861328,155.3074493408203,98.92595672607422,97.45975494384766,0.00047540225205011666,0.04406648874282837,21.032493591308594,-341.4164123535156,0.13268360495567322,0.0,0.0
585,146,38.95137405395508,42.005428314208984,154.7662811279297,98.93193817138672,97.51502227783203,0.0004561534442473203,0.04400583729147911,21.032602310180664,-341.4164123535156,0.12818261981010437,0.0,0.0
586,146.25,38.34002685546875,42.51326370239258,157.1339569091797,98.93233489990234,97.04791259765625,0.00042743099038489163,0.04395125061273575,21.03270149230957,-341.4063720703125,0.17088454961776733,0.0,0.0
587,146.5,38.504051208496094,42.305484771728516,157.8254852294922,98.92396545410156,96.83462524414062,0.000401580793550238,0.04390212520956993,21.03278923034668,-341.4063720703125,0.18968357145786285,0.0,0.0
588,146.75,37.75196075439453,41.76504898071289,152.36883544921875,98.92118072509766,97.41267395019531,0.00037831562804058194,0.04384373873472214,21.032869338989258,-341.3963928222656,0.13654813170433044,0.0,0.0
589,147,38.1351318359375,42.24971008300781,155.38148498535156,98.93034362792969,97.54080963134766,0.00035737696452997625,0.04379119351506233,21.032941818237305,-341.3863830566406,0.1256900131702423,0.0,0.0
590,147.25,37.76811599731445,41.983489990234375,151.83302307128906,98.93113708496094,97.30172729492188,0.0003322029369883239,0.04374390095472336,21.03300666809082,-341.3863830566406,0.147568017244339,0.0,0.0
591,147.5,38.09825134277344,41.745880126953125,157.5858154296875,98.92476654052734,97.1003189086914,0.00030954633257351816,0.04370133951306343,21.033063888549805,-341.4063720703125,0.1654079109430313,0.0,0.0
592,147.75,37.711669921875,42.35853576660156,152.0421600341797,98.91998291015625,97.37214660644531,0.00028915537404827774,0.04366303235292435,21.03311538696289,-341.3663635253906,0.14013780653476715,0.0,0.0
593,148,38.14921569824219,41.82538986206055,154.66171264648438,98.93950653076172,97.64847564697266,0.00027080351719632745,0.043593134731054306,21.03316307067871,-341.3963928222656,0.11671106517314911,0.0,0.0
594,148.25,37.707115173339844,41.7874641418457,159.7710723876953,98.92874908447266,97.1952896118164,0.0002542868605814874,0.04353022575378418,21.033205032348633,-341.4063720703125,0.15707889199256897,0.0,0.0
595,148.5,37.33615493774414,41.428035736083984,157.03549194335938,98.92755126953125,97.41267395019531,0.00023942186089698225,0.043473608791828156,21.03324317932129,-341.4164123535156,0.13711972534656525,0.0,0.0
596,148.75,37.74080276489258,41.32619094848633,155.76617431640625,98.92276763916016,97.15394592285156,0.00022604335390497,0.043422650545835495,21.03327751159668,-341.4164123535156,0.1603221744298935,0.0,0.0
597,149,37.02155303955078,41.05546951293945,157.64840698242188,98.93273162841797,97.35167694091797,0.0002140027063433081,0.043369702994823456,21.033308029174805,-341.4164123535156,0.14315065741539001,0.0,0.0
598,149.25,37.239768981933594,40.91524124145508,159.461181640625,98.934326171875,97.73485565185547,0.00020316611335147172,0.04332204908132553,21.033336639404297,-341.4164123535156,0.10838858038187027,0.0,0.0
599,149.5,37.29499816894531,41.22193908691406,156.12033081054688,98.9371109008789,96.80719757080078,0.0001972105383174494,0.04327916353940964,21.033361434936523,-341.4164123535156,0.1933813989162445,0.0,0.0
600,149.75,36.780155181884766,41.15225601196289,156.12643432617188,98.91679382324219,97.4040756225586,0.0001918505149660632,0.043240565806627274,21.033384323120117,-341.4164123535156,0.13693822920322418,0.0,0.0
601,150,36.290428161621094,40.408111572265625,155.04640197753906,98.93392944335938,97.15353393554688,0.00018702649686019868,0.04319874197244644,21.033405303955078,-341.4063720703125,0.1613624542951584,0.0,0.0
602,150.25,36.366050720214844,40.56386947631836,155.77227783203125,98.93472290039062,96.53946685791016,0.0001826848747441545,0.04316110163927078,21.033424377441406,-341.3863830566406,0.21777518093585968,0.0,0.0
603,150.5,36.092063903808594,40.173484802246094,154.80825805664062,98.93074035644531,97.40203094482422,0.0001787774235708639,0.04312722384929657,21.0334415435791,-341.3963928222656,0.13837756216526031,0.0,0.0
604,150.75,36.32057189941406,40.36130905151367,156.70957946777344,98.93233489990234,97.36396026611328,0.0001739947183523327,0.04309673607349396,21.033456802368164,-341.3963928222656,0.1419946253299713,0.0,0.0
605,151,36.505393981933594,40.090152740478516,160.5862579345703,98.9295425415039,97.6050796508789,0.00016969029093161225,0.043083466589450836,21.033470153808594,-341.3963928222656,0.11976531893014908,0.0,0.0
606,151.25,36.88026809692383,40.06010055541992,154.04421997070312,98.93791198730469,97.19734191894531,0.0001658163091633469,0.04307152330875397,21.03348159790039,-341.3863830566406,0.15771473944187164,0.0,0.0
607,151.5,36.81484603881836,40.662086486816406,155.6631317138672,98.93113708496094,97.32547760009766,0.00016232971393037587,0.043060775846242905,21.033493041992188,-341.3963928222656,0.14539971947669983,0.0,0.0
608,151.75,35.814369201660156,39.737510681152344,156.2951202392578,98.92993927001953,97.22681427001953,0.00015919178258627653,0.0430511012673378,21.03350257873535,-341.3863830566406,0.15430395305156708,0.0,0.0
609,152,35.865970611572266,39.94775390625,154.79986572265625,98.94468688964844,97.25505828857422,0.00014624388131778687,0.04300697147846222,21.033510208129883,-341.3663635253906,0.15304838120937347,0.0,0.0
610,152.25,36.445465087890625,39.616214752197266,162.82188415527344,98.93392944335938,97.15067291259766,0.0001345907658105716,0.04296725615859032,21.033517837524414,-341.3663635253906,0.16162456572055817,0.0,0.0
611,152.5,35.78935623168945,40.13568115234375,155.77304077148438,98.92835235595703,97.5715103149414,0.00012410296767484397,0.042931511998176575,21.033525466918945,-341.3663635253906,0.12271510064601898,0.0,0.0
612,152.75,35.67581558227539,39.28610610961914,153.96026611328125,98.93830871582031,97.14616394042969,0.00011466394789749756,0.04289934039115906,21.033531188964844,-341.3663635253906,0.16242961585521698,0.0,0.0
613,153,35.86277389526367,39.38505172729492,152.3009033203125,98.9295425415039,97.8527603149414,0.00010616883082548156,0.04287038743495941,21.033536911010742,-341.3563537597656,0.09724557399749756,0.0,0.0
614,153.25,35.977962493896484,38.93191146850586,155.53489685058594,98.94348907470703,97.62104797363281,8.266216173069552e-05,0.04281599447131157,21.03354263305664,-341.3663635253906,0.11956465989351273,0.0,0.0
615,153.5,35.191429138183594,39.38023376464844,154.54417419433594,98.93074035644531,97.11873626708984,6.150616536615416e-05,0.04276704043149948,21.033632278442383,-341.3763427734375,0.1642589420080185,0.0,0.0
616,153.75,35.91661071777344,39.439857482910156,161.18084716796875,98.93511962890625,97.3086929321289,4.246576645527966e-05,0.04272298142313957,21.033714294433594,-341.3763427734375,0.14728985726833344,0.0,0.0
617,154,35.03908920288086,38.717281341552734,158.08729553222656,98.94428253173828,97.52033996582031,2.5329407435492612e-05,0.042683329433202744,21.03378677368164,-341.3663635253906,0.1288069635629654,0.0,0.0
618,154.25,35.01654052734375,38.22126770019531,155.77685546875,98.94388580322266,97.29067993164062,1.6843005141709e-06,0.04264764115214348,21.03385353088379,-341.3663635253906,0.14972223341464996,0.0,0.0
619,154.5,34.894371032714844,38.23581314086914,154.8265838623047,98.92715454101562,97.35330963134766,-1.959629480552394e-05,0.042608439922332764,21.033912658691406,-341.3863830566406,0.14250124990940094,0.0,0.0
620,154.75,35.18244934082031,38.090084075927734,161.5296630859375,98.92993927001953,96.82807922363281,-3.874883259413764e-05,0.04257315769791603,21.033966064453125,-341.3863830566406,0.19082097709178925,0.0,0.0
621,155,34.96029281616211,38.22687911987305,156.7111053466797,98.94029998779297,97.48595428466797,-5.5986114603001624e-05,0.04254140332341194,21.034013748168945,-341.3963928222656,0.13158361613750458,0.0,0.0
622,155.25,35.150360107421875,38.7928466796875,151.9658203125,98.93631744384766,97.0577392578125,-7.466215174645185e-05,0.04251282662153244,21.0340576171875,-341.3863830566406,0.17034317553043365,0.0,0.0
623,155.5,35.0114860534668,38.440486907958984,156.93246459960938,98.93074035644531,96.69707489013672,-9.147058153757825e-05,0.04248710721731186,21.034095764160156,-341.3763427734375,0.20292311906814575,0.0,0.0
624,155.75,35.27506637573242,38.57561111450195,156.86758422851562,98.91759490966797,97.22640228271484,-0.0001065981705323793,0.04247849062085152,21.034130096435547,-341.3763427734375,0.15323370695114136,0.0,0.0
625,156,34.40144348144531,38.3213996887207,150.89877319335938,98.93511962890625,97.23991394042969,-0.00012021300062770024,0.04247073456645012,21.034162521362305,-341.3763427734375,0.15357311069965363,0.0,0.0
626,156.25,34.43577194213867,38.11613464355469,155.29751586914062,98.93950653076172,97.05937957763672,-0.00012867151235695928,0.0424637570977211,21.034191131591797,-341.3863830566406,0.17047929763793945,0.0,0.0
627,156.5,34.87804412841797,38.15765380859375,158.1040802001953,98.9331283569336,97.29354095458984,-0.00013628417218569666,0.04245747625827789,21.034215927124023,-341.3863830566406,0.14849519729614258,0.0,0.0
628,156.75,34.67713165283203,38.38980484008789,157.9682159423828,98.93870544433594,97.41226196289062,-0.00014313556312117726,0.0424305722117424,21.034238815307617,-341.3763427734375,0.1381595879793167,0.0,0.0
629,157,33.95766067504883,38.00364685058594,157.32630920410156,98.95265197753906,97.29559326171875,-0.00014930182078387588,0.0424063578248024,21.034259796142578,-341.3763427734375,0.1500607430934906,0.0,0.0
630,157.25,34.7619743347168,38.135860443115234,157.56597900390625,98.94627380371094,97.11546325683594,-0.0001548514555906877,0.042384564876556396,21.034278869628906,-341.3763427734375,0.16595375537872314,0.0,0.0
631,157.5,34.11213684082031,38.00654602050781,155.57534790039062,98.93511962890625,97.24810028076172,-0.00015984612400643528,0.042364951223134995,21.0342960357666,-341.3763427734375,0.1528245210647583,0.0,0.0
632,157.75,34.24126052856445,37.61320114135742,155.64175415039062,98.93990325927734,97.4499282836914,-0.0001485289103584364,0.04234730079770088,21.034311294555664,-341.3863830566406,0.13483203947544098,0.0,0.0
633,158,33.114097595214844,37.0267448425293,155.5272674560547,98.9430923461914,97.37910461425781,-0.00013834341370966285,0.04233141615986824,21.034324645996094,-341.3863830566406,0.14157868921756744,0.0,0.0
634,158.25,34.02188491821289,37.578765869140625,148.81349182128906,98.9466781616211,96.93492889404297,-0.00012917647836729884,0.042317118495702744,21.03433609008789,-341.3863830566406,0.18252407014369965,0.0,0.0
635,158.5,33.64793395996094,37.12467956542969,155.91424560546875,98.93671417236328,97.20552825927734,-0.00012092623364878818,0.042304251343011856,21.034347534179688,-341.3863830566406,0.15685828030109406,0.0,0.0
636,158.75,33.76018524169922,37.096961975097656,157.67054748535156,98.9506607055664,96.85427856445312,-0.00010021676280302927,0.04229266941547394,21.03435707092285,-341.3863830566406,0.19027769565582275,0.0,0.0
637,159,34.39502716064453,37.53532409667969,156.87139892578125,98.9630126953125,97.00902557373047,-8.157824049703777e-05,0.042275164276361465,21.034366607666016,-341.3863830566406,0.17720098793506622,0.0,0.0
638,159.25,33.724388122558594,37.54487991333008,152.8947296142578,98.95185089111328,97.05282592773438,-6.480356387328357e-05,0.04225941002368927,21.034374237060547,-341.3763427734375,0.1721874624490738,0.0,0.0
639,159.5,33.61033248901367,37.32173538208008,154.85101318359375,98.93910217285156,97.4163589477539,-4.970635927747935e-05,0.042245231568813324,21.034381866455078,-341.3763427734375,0.13782167434692383,0.0,0.0
640,159.75,33.478084564208984,37.571067810058594,153.1779022216797,98.949462890625,97.31851196289062,-2.978994780278299e-05,0.04223247244954109,21.034387588500977,-341.3763427734375,0.1476815789937973,0.0,0.0
641,160,33.09981918334961,37.091758728027344,157.5415496826172,98.95145416259766,97.33448028564453,-1.1865176929859444e-05,0.04220682382583618,21.034624099731445,-341.3563537597656,0.14640215039253235,0.0,0.0
642,160.25,33.417240142822266,36.92616271972656,157.8140411376953,98.95623779296875,97.41471862792969,4.267116310074925e-06,0.04218373820185661,21.03483772277832,-341.3663635253906,0.13951006531715393,0.0,0.0
643,160.5,33.477012634277344,37.19545364379883,158.34222412109375,98.93631744384766,97.34349060058594,1.878618058981374e-05,0.04216296225786209,21.035030364990234,-341.3663635253906,0.1442200243473053,0.0,0.0
644,160.75,32.94480895996094,36.959774017333984,158.15065002441406,98.95384979248047,97.1883316040039,2.6157065804000013e-05,0.04214426502585411,21.03520393371582,-341.3663635253906,0.1599694937467575,0.0,0.0
645,161,32.937015533447266,36.2196159362793,153.3427734375,98.95783233642578,97.23786926269531,3.2790860132081434e-05,0.04212743788957596,21.03536033630371,-341.3763427734375,0.1557987481355667,0.0,0.0
646,161.25,32.39927673339844,36.481597900390625,154.883056640625,98.96380615234375,97.4515609741211,3.87612781196367e-05,0.04211229085922241,21.035499572753906,-341.3763427734375,0.13682976365089417,0.0,0.0
647,161.5,32.78719711303711,35.98286819458008,159.02993774414062,98.94388580322266,97.22599792480469,4.4134652853244916e-05,0.04209866002202034,21.035625457763672,-341.3763427734375,0.1556311696767807,0.0,0.0
648,161.75,32.573280334472656,36.414710998535156,157.99493408203125,98.9506607055664,96.91568756103516,3.948133598896675e-05,0.042086392641067505,21.035737991333008,-341.3863830566406,0.18464595079421997,0.0,0.0
649,162,33.130653381347656,36.37771987915039,155.4990234375,98.9582290649414,97.37214660644531,3.5293349355924875e-05,0.042075350880622864,21.03584098815918,-341.3763427734375,0.14357279241085052,0.0,0.0
650,162.25,33.15781784057617,36.483829498291016,156.77674865722656,98.95543670654297,97.56700897216797,3.152416320517659e-05,0.04206541180610657,21.035932540893555,-341.3863830566406,0.12555737793445587,0.0,0.0
651,162.5,32.95534133911133,36.28820037841797,156.65309143066406,98.93870544433594,97.50273895263672,2.8131893486715853e-05,0.042049385607242584,21.036014556884766,-341.3963928222656,0.1299104243516922,0.0,0.0
652,162.75,33.17132568359375,36.11086654663086,156.06996154785156,98.94985961914062,97.34840393066406,2.507885074010119e-05,0.04203496128320694,21.036088943481445,-341.4063720703125,0.14498808979988098,0.0,0.0
653,163,32.84523391723633,36.33660888671875,158.7284393310547,98.95145416259766,96.95498657226562,2.233111263194587e-05,0.0420219786465168,21.036155700683594,-341.4063720703125,0.18111471831798553,0.0,0.0
654,163.25,32.54093933105469,36.43662643432617,154.57240295410156,98.96619415283203,97.10850524902344,1.9858149244100787e-05,0.04201029613614082,21.036216735839844,-341.4164123535156,0.16837893426418304,0.0,0.0
655,163.5,32.34245681762695,35.94593048095703,158.30482482910156,98.95185089111328,97.02252960205078,1.763248110364657e-05,0.04197853431105614,21.036270141601562,-341.4264221191406,0.17496202886104584,0.0,0.0
656,163.75,32.249881744384766,36.1898307800293,153.53741455078125,98.95663452148438,97.28617095947266,8.03935017756885e-06,0.04194995015859604,21.036319732666016,-341.4164123535156,0.1512792408466339,0.0,0.0
657,164,33.12263870239258,35.72008514404297,157.04161071777344,98.95543670654297,97.76515197753906,-5.944675649516284e-07,0.04192422330379486,21.03626251220703,-341.4063720703125,0.10753047466278076,0.0,0.0
658,164.25,32.50971603393555,35.87050247192383,157.07443237304688,98.94348907470703,96.82479858398438,-1.5358295058831573e-05,0.04190107062458992,21.036165237426758,-341.4063720703125,0.19233866035938263,0.0,0.0
659,164.5,33.08177185058594,36.253475189208984,161.671630859375,98.94189453125,96.86656188964844,-1.5358295058831573e-05,0.04190147668123245,21.036165237426758,-341.4164123535156,0.18836350739002228,0.0,0.0
660,164.75,32.22909164428711,35.78816604614258,154.6533203125,98.94906616210938,97.02130126953125,-2.1652347641065717e-05,0.0419018417596817,21.036123275756836,-341.4164123535156,0.17482389509677887,0.0,0.0
661,165,32.59963607788086,35.40944290161133,156.46609497070312,98.96141815185547,96.33763885498047,-2.7316995328874327e-05,0.041902173310518265,21.036087036132812,-341.4063720703125,0.2387690246105194,0.0,0.0
662,165.25,31.787883758544922,35.4306640625,158.41778564453125,98.96022033691406,96.77731323242188,-3.368024408700876e-05,0.04190247133374214,21.036054611206055,-341.3963928222656,0.19819962978363037,0.0,0.0
663,165.5,31.91093635559082,35.324440002441406,153.8411865234375,98.95743560791016,97.08148193359375,-3.940716851502657e-05,0.04190273955464363,21.03579330444336,-341.3963928222656,0.1700657159090042,0.0,0.0
664,165.75,31.93376922607422,35.251834869384766,157.02862548828125,98.9618148803711,97.3827896118164,-4.4561398681253195e-05,0.04190297797322273,21.035558700561523,-341.3963928222656,0.14292342960834503,0.0,0.0
665,166,31.850799560546875,35.55882263183594,154.10604858398438,98.97018432617188,96.98445892333984,-4.920020728604868e-05,0.04190319404006004,21.03534698486328,-341.3863830566406,0.18009544909000397,0.0,0.0
666,166.25,31.942413330078125,34.97934341430664,153.7335662841797,98.95304870605469,96.89193725585938,-5.274241993902251e-05,0.04189630597829819,21.03515625,-341.3963928222656,0.18703807890415192,0.0,0.0
667,166.5,31.770353317260742,35.35944747924805,157.53392028808594,98.96659851074219,97.03072357177734,-5.593041350948624e-05,0.04189010709524155,21.034984588623047,-341.4063720703125,0.17553532123565674,0.0,0.0
668,166.75,31.937063217163086,35.150917053222656,156.11880493164062,98.97535705566406,97.23295593261719,-5.879960735910572e-05,0.04188453033566475,21.03483009338379,-341.3863830566406,0.157821923494339,0.0,0.0
669,167,31.793941497802734,35.34975051879883,155.5967254638672,98.9733657836914,97.0982666015625,-6.13818847341463e-05,0.04187950864434242,21.034690856933594,-341.3763427734375,0.16995970904827118,0.0,0.0
670,167.25,31.48238182067871,34.44276809692383,156.6424102783203,98.96778869628906,97.0540542602539,-6.37059347354807e-05,0.04187092185020447,21.034564971923828,-341.3863830566406,0.17350682616233826,0.0,0.0
671,167.5,31.30284881591797,34.61337661743164,157.69650268554688,98.96022033691406,97.2079849243164,-5.9472611610544845e-05,0.04187092185020447,21.034452438354492,-341.3863830566406,0.1587449163198471,0.0,0.0
672,167.75,31.362348556518555,34.640037536621094,154.74642944335938,98.97257232666016,97.05651092529297,-5.566262188949622e-05,0.04185309633612633,21.034351348876953,-341.3963928222656,0.173710435628891,0.0,0.0
673,168,31.239253997802734,34.0283088684082,153.5824432373047,98.97456359863281,97.14984893798828,-5.22336304129567e-05,0.04183705523610115,21.034259796142578,-341.3963928222656,0.16534863412380219,0.0,0.0
674,168.25,30.607481002807617,34.027748107910156,154.296875,98.96659851074219,97.32916259765625,-3.3330521546304226e-05,0.04182261601090431,21.034177780151367,-341.3963928222656,0.14824725687503815,0.0,0.0
675,168.5,31.145139694213867,34.239776611328125,157.77740478515625,98.9618148803711,97.17318725585938,-1.6317721019731835e-05,0.04180962219834328,21.034103393554688,-341.3963928222656,0.16206975281238556,0.0,0.0
676,168.75,30.466503143310547,34.19143295288086,158.4132080078125,98.96898651123047,97.2628402709961,-1.0062012734124437e-06,0.04180501028895378,21.03403663635254,-341.3863830566406,0.15451942384243011,0.0,0.0
677,169,31.275299072265625,34.43088150024414,154.06712341308594,98.97097778320312,96.98609924316406,1.2774166862072889e-05,0.041800856590270996,21.033977508544922,-341.3863830566406,0.18001656234264374,0.0,0.0
678,169.25,31.177711486816406,34.13124084472656,154.43043518066406,98.96260833740234,97.12692260742188,2.5176497729262337e-05,0.04179712012410164,21.033924102783203,-341.3763427734375,0.16637271642684937,0.0,0.0
679,169.5,30.909263610839844,34.36674118041992,156.1409454345703,98.96898651123047,96.4326171875,5.216913632466458e-05,0.04179375618696213,21.033876419067383,-341.3663635253906,0.23069223761558533,0.0,0.0
680,169.75,31.06558609008789,34.468544006347656,157.97891235351562,98.97137451171875,96.41337585449219,7.646250742254779e-05,0.041755326092243195,21.0340633392334,-341.3763427734375,0.23267987370491028,0.0,0.0
681,170,31.067787170410156,34.14580535888672,154.2396240234375,98.97456359863281,96.87679290771484,9.832654177444056e-05,0.041720736771821976,21.03423309326172,-341.3763427734375,0.19035856425762177,0.0,0.0
682,170.25,30.88913345336914,34.057464599609375,156.6134033203125,98.96540069580078,96.52922821044922,0.00011800417269114405,0.04168960824608803,21.034385681152344,-341.3763427734375,0.22147271037101746,0.0,0.0
683,170.5,31.032800674438477,34.24727249145508,157.69496154785156,98.95982360839844,97.13920593261719,0.00014395109610632062,0.041661590337753296,21.034523010253906,-341.3763427734375,0.16499823331832886,0.0,0.0
684,170.75,30.68185806274414,33.40647888183594,156.9897003173828,98.98173522949219,97.51215362548828,0.000167303325724788,0.041636377573013306,21.03464698791504,-341.3763427734375,0.13291631639003754,0.0,0.0
685,171,31.245098114013672,34.12240982055664,158.57655334472656,98.97456359863281,97.07656860351562,0.00018832033674698323,0.0416066013276577,21.034757614135742,-341.3863830566406,0.17205345630645752,0.0,0.0
686,171.25,30.897260665893555,34.03600311279297,153.13897705078125,98.9630126953125,97.34103393554688,0.00020723564375657588,0.04157980531454086,21.03485679626465,-341.3863830566406,0.1468418538570404,0.0,0.0
687,171.5,30.343585968017578,33.51808166503906,158.4475555419922,98.9705810546875,97.15026092529297,0.00022425942006520927,0.04155568778514862,21.03494644165039,-341.3963928222656,0.1649535447359085,0.0,0.0
688,171.75,31.017501831054688,34.1767578125,154.8135986328125,98.9733657836914,96.91609191894531,0.0002332442527404055,0.04153398051857948,21.03502655029297,-341.3863830566406,0.18664704263210297,0.0,0.0
689,172,30.786598205566406,33.37443542480469,153.548095703125,98.96460723876953,97.21002960205078,0.00024133060651365668,0.04154985025525093,21.035099029541016,-341.3963928222656,0.15895198285579681,0.0,0.0
690,172.25,30.484500885009766,33.87000274658203,155.414306640625,98.96818542480469,97.41594696044922,0.0002551582583691925,0.041564133018255234,21.03516387939453,-341.3963928222656,0.14047041535377502,0.0,0.0
691,172.5,30.647916793823242,33.6464729309082,158.59793090820312,98.96898651123047,97.3561782836914,0.0002551582583691925,0.041576988995075226,21.03522300720215,-341.4164123535156,0.14599578082561493,0.0,0.0
692,172.75,30.582242965698242,33.272682189941406,154.87619018554688,98.9857177734375,97.44337463378906,0.0002477534580975771,0.04158855974674225,21.035276412963867,-341.4164123535156,0.13954342901706696,0.0,0.0
693,173,30.248580932617188,33.25261306762695,151.34603881835938,98.97416687011719,97.37419128417969,0.00024108914658427238,0.041591890156269073,21.035324096679688,-341.4164123535156,0.14481720328330994,0.0,0.0
694,173.25,30.677837371826172,33.52677536010742,156.8561248779297,98.96778869628906,97.16990661621094,0.0002350912691326812,0.04159488528966904,21.035367965698242,-341.4264221191406,0.1629059612751007,0.0,0.0
695,173.5,30.64430809020996,33.93948745727539,155.64939880371094,98.97496032714844,97.55145263671875,0.0002296931779710576,0.04159758239984512,21.0354061126709,-341.4063720703125,0.12872761487960815,0.0,0.0
696,173.75,30.51124382019043,33.06980895996094,156.7584228515625,98.97775268554688,97.7999496459961,0.00022483489010483027,0.04160000756382942,21.03544044494629,-341.4063720703125,0.10637189447879791,0.0,0.0
697,174,30.66844940185547,33.485931396484375,155.91806030273438,98.97257232666016,97.73690032958984,0.0002204624324804172,0.04160219058394432,21.035470962524414,-341.4063720703125,0.11163712292909622,0.0,0.0
698,174.25,29.89935874938965,32.79207229614258,154.48768615722656,98.96221160888672,97.2591552734375,0.00019632733892649412,0.04160415753722191,21.035499572753906,-341.4063720703125,0.1542477309703827,0.0,0.0
699,174.5,29.825748443603516,33.28539276123047,151.94903564453125,98.95982360839844,97.35494995117188,0.00017460575327277184,0.04160592705011368,21.035524368286133,-341.4063720703125,0.14528509974479675,0.0,0.0
700,174.75,29.846689224243164,32.93882369995117,156.19741821289062,98.98651885986328,97.1514892578125,0.00015505633200518787,0.04160751774907112,21.035547256469727,-341.4063720703125,0.1662718653678894,0.0,0.0
701,175,30.040679931640625,33.22671127319336,158.80630493164062,98.97735595703125,97.41267395019531,0.00013746184413321316,0.04160895198583603,21.035568237304688,-341.4063720703125,0.14159221947193146,0.0,0.0
702,175.25,29.8497257232666,32.928287506103516,152.71536254882812,98.96619415283203,97.4638442993164,0.00011277207522653043,0.04161848500370979,21.035587310791016,-341.4164123535156,0.1359243243932724,0.0,0.0
703,175.5,30.20917320251465,33.183685302734375,156.87216186523438,98.9769515991211,97.33039093017578,9.055128612089902e-05,0.04161848500370979,21.035518646240234,-341.4164123535156,0.14906497299671173,0.0,0.0
704,175.75,30.081666946411133,33.01022720336914,158.66127014160156,98.97735595703125,97.6689453125,7.055257447063923e-05,0.04162590578198433,21.03545570373535,-341.4164123535156,0.11824668198823929,0.0,0.0
705,176,29.429546356201172,32.994850158691406,156.65768432617188,98.99886322021484,97.9407730102539,5.255373253021389e-05,0.04163258150219917,21.035400390625,-341.3963928222656,0.0954810082912445,0.0,0.0
706,176.25,29.866483688354492,32.83162307739258,155.59519958496094,98.96460723876953,96.46741485595703,3.572206333046779e-05,0.04163859039545059,21.035350799560547,-341.4063720703125,0.22709354758262634,0.0,0.0
707,176.5,30.022808074951172,32.80888748168945,155.47613525390625,98.97974395751953,97.40776062011719,2.057356141449418e-05,0.04163655638694763,21.03530502319336,-341.4063720703125,0.14225523173809052,0.0,0.0
708,176.75,29.40217399597168,32.921592712402344,160.4786376953125,98.99089813232422,97.49332427978516,6.939909326320048e-06,0.04163472354412079,21.03526496887207,-341.4063720703125,0.13545487821102142,0.0,0.0
709,177,29.532546997070312,32.56721115112305,159.40928649902344,98.9845199584961,96.97791290283203,-5.330377462087199e-06,0.04163307324051857,21.035228729248047,-341.4063720703125,0.1819823533296585,0.0,0.0
710,177.25,29.698253631591797,32.53498840332031,154.0220947265625,98.96260833740234,97.32833862304688,-1.068102392309811e-05,0.04163159057497978,21.03519630432129,-341.3963928222656,0.1479649543762207,0.0,0.0
711,177.5,29.272336959838867,32.42158889770508,154.4006805419922,98.98532104492188,97.62923431396484,-1.549660555610899e-05,0.041630253195762634,21.035165786743164,-341.4164123535156,0.12257510423660278,0.0,0.0
712,177.75,29.360790252685547,32.79304504394531,158.03004455566406,98.9845199584961,97.60139465332031,-1.983062975341454e-05,0.04162197187542915,21.035139083862305,-341.4164123535156,0.12503725290298462,0.0,0.0
713,178,29.172517776489258,32.250328063964844,154.0663604736328,98.98094177246094,97.22763061523438,-2.3731250621494837e-05,0.04161451756954193,21.035114288330078,-341.4164123535156,0.15880942344665527,0.0,0.0
714,178.25,29.67754364013672,32.21274948120117,153.19012451171875,98.97377014160156,97.2681655883789,-2.7241809220868163e-05,0.0416078083217144,21.035093307495117,-341.4063720703125,0.15446218848228455,0.0,0.0
715,178.5,29.17631721496582,32.26154708862305,154.0724639892578,98.97177124023438,97.12610626220703,-3.0401311960304156e-05,0.041601769626140594,21.03507423400879,-341.4164123535156,0.16726987063884735,0.0,0.0
716,178.75,29.118722915649414,31.872730255126953,155.67152404785156,98.98094177246094,97.11013793945312,-2.312495416845195e-05,0.04159633442759514,21.035057067871094,-341.4164123535156,0.16955441236495972,0.0,0.0
717,179,29.56829833984375,32.04971694946289,157.60948181152344,98.98252868652344,96.98896026611328,-1.6576232155784965e-05,0.04158436134457588,21.03504180908203,-341.4063720703125,0.18079087138175964,0.0,0.0
718,179.25,29.04842185974121,31.976716995239258,156.49281311035156,98.96102142333984,97.23418426513672,-1.068238361767726e-05,0.04157358407974243,21.03502655029297,-341.3963928222656,0.1564221829175949,0.0,0.0
719,179.5,29.452129364013672,32.45902633666992,154.93801879882812,98.99249267578125,97.5719223022461,-5.377919478632975e-06,0.04156388342380524,21.03501319885254,-341.4264221191406,0.1284373700618744,0.0,0.0
720,179.75,28.757688522338867,31.565113067626953,160.6015167236328,98.9869155883789,97.4036636352539,1.2940404303662945e-06,0.04155515506863594,21.035001754760742,-341.4063720703125,0.14327260851860046,0.0,0.0
721,180,29.346799850463867,32.34199905395508,156.71949768066406,98.97854614257812,96.9729995727539,7.298804121091962e-06,0.041547298431396484,21.034992218017578,-341.4063720703125,0.18189620971679688,0.0,0.0
722,180.25,28.90886116027832,31.92165184020996,154.53729248046875,98.97456359863281,97.86094665527344,1.2703091670118738e-05,0.041540227830410004,21.034982681274414,-341.4164123535156,0.10054532438516617,0.0,0.0
723,180.5,29.10235595703125,31.660266876220703,157.3339385986328,98.98053741455078,97.5137939453125,1.7566950191394426e-05,0.04153386503458023,21.034975051879883,-341.4063720703125,0.13265855610370636,0.0,0.0
724,180.75,28.61533546447754,31.556743621826172,155.95545959472656,98.99369049072266,97.39466094970703,2.1944422769593075e-05,0.041528139263391495,21.03496742248535,-341.3963928222656,0.14470256865024567,0.0,0.0
725,181,28.90329360961914,31.252857208251953,158.9024658203125,98.9769515991211,97.3934326171875,2.3353721189778298e-05,0.04150882363319397,21.03495979309082,-341.3863830566406,0.14331117272377014,0.0,0.0
726,181.25,28.836565017700195,31.822681427001953,156.73324584960938,98.98252868652344,97.42781829833984,2.4622089767945e-05,0.041491441428661346,21.034954071044922,-341.3963928222656,0.14067579805850983,0.0,0.0
727,181.5,28.579456329345703,31.580991744995117,157.89723205566406,98.97576141357422,97.78766632080078,2.576362203399185e-05,0.041475795209407806,21.034948348999023,-341.4063720703125,0.10730860382318497,0.0,0.0
728,181.75,28.572429656982422,31.222814559936523,160.4526824951172,98.97217559814453,97.44911193847656,2.679100180102978e-05,0.04146171361207962,21.034942626953125,-341.3963928222656,0.13780395686626434,0.0,0.0
729,182,28.652849197387695,31.630020141601562,156.2943572998047,98.95902252197266,97.76473999023438,2.0757988750119694e-05,0.04144904017448425,21.03493881225586,-341.3863830566406,0.10788942873477936,0.0,0.0
730,182.25,28.746004104614258,31.398883819580078,157.33241271972656,98.97735595703125,97.20307159423828,1.5328276276704855e-05,0.04144471511244774,21.034934997558594,-341.3863830566406,0.16073206067085266,0.0,0.0
731,182.5,28.997270584106445,31.43695640563965,158.059814453125,98.96260833740234,97.70783996582031,1.0441535778227262e-05,0.041440822184085846,21.034931182861328,-341.3863830566406,0.11338488757610321,0.0,0.0
732,182.75,28.098709106445312,31.56861114501953,155.18226623535156,98.96420288085938,97.42127227783203,6.043469056749018e-06,0.04143732041120529,21.034927368164062,-341.3763427734375,0.1396268606185913,0.0,0.0
733,183,28.59734535217285,31.4307861328125,153.25958251953125,98.96739196777344,97.6918716430664,-6.137174295872683e-06,0.04143416881561279,21.034923553466797,-341.3663635253906,0.11526614427566528,0.0,0.0
734,183.25,28.207895278930664,31.305116653442383,152.29632568359375,98.96699523925781,97.57396697998047,-1.7099753677030094e-05,0.041431330144405365,21.034921646118164,-341.3863830566406,0.1259615421295166,0.0,0.0
735,183.5,28.197114944458008,31.154993057250977,154.80062866210938,98.96977996826172,97.80035400390625,-2.696607589314226e-05,0.04144293814897537,21.03491973876953,-341.3863830566406,0.10561931133270264,0.0,0.0
736,183.75,28.45083999633789,31.4156436920166,156.11270141601562,98.96540069580078,97.48881530761719,-3.584576552384533e-05,0.04145338758826256,21.0349178314209,-341.3763427734375,0.13357685506343842,0.0,0.0
737,184,28.387962341308594,30.84981346130371,159.4833221435547,98.96778869628906,97.33039093017578,-4.446983803063631e-05,0.041462790220975876,21.034915924072266,-341.3763427734375,0.1482420563697815,0.0,0.0
738,184.25,28.62201690673828,30.924144744873047,151.80401611328125,98.96500396728516,96.84854888916016,-5.223150583333336e-05,0.04147125408053398,21.034914016723633,-341.3763427734375,0.1920909285545349,0.0,0.0
739,184.5,28.241260528564453,30.74128532409668,155.25096130371094,98.96061706542969,97.39056396484375,-5.9217003581579775e-05,0.041478872299194336,21.034912109375,-341.3763427734375,0.14210617542266846,0.0,0.0
740,184.75,28.077838897705078,30.981529235839844,159.38485717773438,98.97496032714844,97.54695129394531,-6.550395482918248e-05,0.041485726833343506,21.034910202026367,-341.3763427734375,0.129136860370636,0.0,0.0
741,185,27.96571159362793,30.8720645904541,153.24888610839844,98.96102142333984,97.52648162841797,-7.116221240721643e-05,0.04149189591407776,21.034908294677734,-341.3763427734375,0.12975069880485535,0.0,0.0
742,185.25,27.365371704101562,30.038822174072266,157.3308868408203,98.9618148803711,97.69268798828125,-7.625464058946818e-05,0.041497450321912766,21.0349063873291,-341.3963928222656,0.1146920919418335,0.0,0.0
743,185.5,28.051546096801758,30.858335494995117,155.38987731933594,98.97217559814453,97.65052032470703,-8.083782449830323e-05,0.04148828610777855,21.0349063873291,-341.3763427734375,0.11945805698633194,0.0,0.0
744,185.75,27.058073043823242,30.155616760253906,156.59585571289062,98.9657974243164,98.18025970458984,-7.109641592251137e-05,0.041480038315057755,21.0349063873291,-341.3863830566406,0.07081174850463867,0.0,0.0
745,186,27.99403953552246,30.94184112548828,153.626708984375,98.97655487060547,97.15557861328125,-6.232914893189445e-05,0.04147261381149292,21.0349063873291,-341.3863830566406,0.1650034338235855,0.0,0.0
746,186.25,27.767683029174805,30.807626724243164,154.48158264160156,98.9630126953125,97.47940063476562,-5.443860572995618e-05,0.04146593064069748,21.0349063873291,-341.3963928222656,0.13422062993049622,0.0,0.0
747,186.5,27.933691024780273,30.660947799682617,155.02044677734375,98.96619415283203,97.19734191894531,-4.733711830340326e-05,0.041452836245298386,21.034990310668945,-341.4063720703125,0.1602545529603958,0.0,0.0
748,186.75,27.922657012939453,30.99406623840332,153.2992706298828,98.97097778320312,96.9394302368164,-4.094577889190987e-05,0.04144105315208435,21.035066604614258,-341.3963928222656,0.18429319560527802,0.0,0.0
749,187,27.692928314208984,30.871423721313477,158.32391357421875,98.95344543457031,97.52935028076172,-3.519357414916158e-05,0.04143044725060463,21.03513526916504,-341.3963928222656,0.12880904972553253,0.0,0.0
750,187.25,28.312803268432617,30.459558486938477,154.06483459472656,98.96221160888672,97.4446029663086,-3.0016588425496593e-05,0.04142090305685997,21.03519630432129,-341.3763427734375,0.13732104003429413,0.0,0.0
751,187.5,28.23958396911621,30.29056167602539,156.42259216308594,98.9657974243164,96.74578857421875,-1.0170135283260606e-05,0.04141231253743172,21.03525161743164,-341.3663635253906,0.20159569382667542,0.0,0.0
752,187.75,28.06843376159668,31.056854248046875,157.99874877929688,98.96699523925781,97.29026794433594,7.6916712714592e-06,0.04140457883477211,21.035533905029297,-341.3763427734375,0.15183532238006592,0.0,0.0
753,188,27.508167266845703,30.211074829101562,159.79702758789062,98.9618148803711,97.09335327148438,2.3767297534504905e-05,0.04139798507094383,21.03578758239746,-341.3863830566406,0.16937255859375,0.0,0.0
754,188.25,27.63680076599121,30.41018295288086,155.4776611328125,98.96460723876953,97.14616394042969,3.82353609893471e-05,0.04139205068349838,21.0360164642334,-341.3663635253906,0.1647913157939911,0.0,0.0
755,188.5,28.094581604003906,30.381399154663086,159.08871459960938,98.96739196777344,97.22312927246094,5.3789182857144624e-05,0.04138670861721039,21.036222457885742,-341.3663635253906,0.15800508856773376,0.0,0.0
756,188.75,26.89501190185547,30.54986000061035,159.24594116210938,98.96977996826172,97.41881561279297,6.778762326575816e-05,0.041381899267435074,21.036176681518555,-341.3663635253906,0.14035259187221527,0.0,0.0
757,189,27.232032775878906,29.904447555541992,156.5843963623047,98.96061706542969,97.07820892333984,8.03862203611061e-05,0.04137757048010826,21.036134719848633,-341.3863830566406,0.17065075039863586,0.0,0.0
758,189.25,26.6837100982666,29.46057891845703,154.4792938232422,98.95464324951172,97.21821594238281,9.172495629172772e-05,0.04137367755174637,21.036096572875977,-341.3863830566406,0.157308891415596,0.0,0.0
759,189.5,26.845325469970703,30.000638961791992,156.1523895263672,98.97296905517578,97.32875061035156,9.623220830690116e-05,0.041370172053575516,21.036293029785156,-341.3863830566406,0.1488576978445053,0.0,0.0
760,189.75,27.37284278869629,29.748743057250977,157.90869140625,98.95942687988281,97.46302795410156,0.00010028873657574877,0.04136701673269272,21.036470413208008,-341.3863830566406,0.1353912502527237,0.0,0.0
761,190,27.277950286865234,30.06215476989746,153.85646057128906,98.96340942382812,96.9201889038086,0.00010393960837973282,0.04137125983834267,21.036630630493164,-341.3763427734375,0.1853773593902588,0.0,0.0
762,190.25,27.513425827026367,30.354736328125,154.58233642578125,98.96858978271484,97.19120025634766,9.899883298203349e-05,0.04137507826089859,21.036773681640625,-341.3763427734375,0.1610306054353714,0.0,0.0
763,190.5,27.312631607055664,29.584430694580078,156.11270141601562,98.96778869628906,97.12078094482422,9.455213148612529e-05,0.04137851670384407,21.036903381347656,-341.3863830566406,0.1673998087644577,0.0,0.0
764,190.75,27.437496185302734,30.05316734313965,151.74905395507812,98.96260833740234,97.38360595703125,9.055010013980791e-05,0.041381608694791794,21.037019729614258,-341.3863830566406,0.14292028546333313,0.0,0.0
765,191,27.448362350463867,29.87377166748047,152.36578369140625,98.95862579345703,97.39097595214844,8.694827556610107e-05,0.04137022793292999,21.037124633789062,-341.3663635253906,0.14189039170742035,0.0,0.0
766,191.25,27.498144149780273,29.845169067382812,154.80368041992188,98.95743560791016,97.10850524902344,7.864594226703048e-05,0.04135998710989952,21.037220001220703,-341.3663635253906,0.16759315133094788,0.0,0.0
767,191.5,27.53786277770996,29.453060150146484,157.1309051513672,98.96102142333984,97.17031860351562,7.11738393874839e-05,0.041350770741701126,21.03730583190918,-341.3663635253906,0.16226008534431458,0.0,0.0
768,191.75,26.872539520263672,29.560569763183594,155.3311004638672,98.96061706542969,97.15190124511719,6.44489482510835e-05,0.04134247452020645,21.037382125854492,-341.3663635253906,0.1639084815979004,0.0,0.0
769,192,27.395103454589844,30.046966552734375,161.3464813232422,98.95344543457031,97.07329559326172,5.839654477313161e-05,0.041335009038448334,21.037450790405273,-341.3763427734375,0.17045746743679047,0.0,0.0
770,192.25,26.779184341430664,29.584707260131836,150.60414123535156,98.95783233642578,96.9410629272461,5.294938455335796e-05,0.04132828861474991,21.037511825561523,-341.3863830566406,0.182963028550148,0.0,0.0
771,192.5,26.868478775024414,29.670501708984375,160.26109313964844,98.95862579345703,97.45278930664062,4.804693890037015e-05,0.041322242468595505,21.037567138671875,-341.4063720703125,0.13625186681747437,0.0,0.0
772,192.75,26.80017852783203,29.712059020996094,161.11062622070312,98.95384979248047,96.88948059082031,4.679755511460826e-05,0.04131679981946945,21.037616729736328,-341.3963928222656,0.18733470141887665,0.0,0.0
773,193,26.285444259643555,28.95066261291504,158.4391632080078,98.93910217285156,97.07042694091797,4.5673110435018316e-05,0.041311901062726974,21.037662506103516,-341.3963928222656,0.16943179070949554,0.0,0.0
774,193.25,26.461565017700195,28.645349502563477,154.68690490722656,98.95384979248047,97.21289825439453,4.4661108404397964e-05,0.041307494044303894,21.037702560424805,-341.4063720703125,0.15772409737110138,0.0,0.0
775,193.5,26.218297958374023,28.596519470214844,156.19131469726562,98.9466781616211,97.77783966064453,4.375030766823329e-05,0.04130352661013603,21.037738800048828,-341.4063720703125,0.1055910512804985,0.0,0.0
776,193.75,26.0155029296875,28.404773712158203,154.03048706054688,98.95105743408203,97.44747161865234,5.1156323024770245e-05,0.04129995405673981,21.037771224975586,-341.3863830566406,0.13605785369873047,0.0,0.0
777,194,27.288320541381836,29.223501205444336,155.03343200683594,98.93870544433594,97.65707397460938,5.7821736845653504e-05,0.041296739131212234,21.03780174255371,-341.3863830566406,0.11585585027933121,0.0,0.0
778,194.25,26.667396545410156,29.580055236816406,155.84783935546875,98.94747161865234,97.4834976196289,6.382061110343784e-05,0.04129384830594063,21.03782844543457,-341.3863830566406,0.1324508935213089,0.0,0.0
779,194.5,26.769420623779297,29.473905563354492,158.00180053710938,98.96260833740234,97.54776763916016,6.921959720784798e-05,0.041291244328022,21.037853240966797,-341.3863830566406,0.12795396149158478,0.0,0.0
780,194.75,26.808063507080078,29.113019943237305,154.8326873779297,98.93631744384766,97.467529296875,7.407868542941287e-05,0.04128890112042427,21.037874221801758,-341.3863830566406,0.13290482759475708,0.0,0.0
781,195,26.297504425048828,29.13088035583496,151.12698364257812,98.92794799804688,97.79339599609375,7.845186337362975e-05,0.04130095615983009,21.037893295288086,-341.3863830566406,0.10249526798725128,0.0,0.0
782,195.25,26.535980224609375,28.908689498901367,156.23329162597656,98.93791198730469,97.57929229736328,9.31496761040762e-05,0.041311804205179214,21.03791046142578,-341.3863830566406,0.12286553531885147,0.0,0.0
783,195.5,26.539939880371094,28.942773818969727,153.04051208496094,98.94786834716797,97.58502197265625,0.00010637770901666954,0.04132156819105148,21.037925720214844,-341.3763427734375,0.12323745340108871,0.0,0.0
784,195.75,26.870227813720703,29.24720573425293,158.32315063476562,98.93233489990234,97.58379364013672,0.00011828293645521626,0.041330356150865555,21.037940979003906,-341.3763427734375,0.12195449322462082,0.0,0.0
785,196,26.643239974975586,28.97808074951172,152.4024200439453,98.92516326904297,97.01475524902344,0.0001289976353291422,0.04133826494216919,21.037954330444336,-341.3863830566406,0.17327724397182465,0.0,0.0
786,196.25,26.94355583190918,29.270448684692383,157.50186157226562,98.92635345458984,97.56291961669922,0.00014624150935560465,0.04134538397192955,21.037965774536133,-341.4063720703125,0.1233178898692131,0.0,0.0
787,196.5,26.705364227294922,28.83864974975586,154.12513732910156,98.9506607055664,97.42658996582031,0.00016176099597942084,0.041330546140670776,21.037975311279297,-341.4063720703125,0.13792596757411957,0.0,0.0
788,196.75,26.776357650756836,28.361919403076172,153.90835571289062,98.93113708496094,96.98487091064453,0.00017572853539604694,0.04131719097495079,21.03798484802246,-341.3963928222656,0.1765509843826294,0.0,0.0
789,197,25.892732620239258,28.63727378845215,154.7761993408203,98.9207763671875,97.07820892333984,0.00018829932378139347,0.04130517318844795,21.037992477416992,-341.3863830566406,0.16707338392734528,0.0,0.0
790,197.25,25.727245330810547,28.51866912841797,153.42138671875,98.94747161865234,96.96481323242188,0.0002059491816908121,0.04129435494542122,21.038000106811523,-341.3863830566406,0.17985565960407257,0.0,0.0
791,197.5,25.640819549560547,28.107524871826172,152.1680908203125,98.934326171875,97.31687927246094,0.00022183405235409737,0.04129878059029579,21.038007736206055,-341.3863830566406,0.14647091925144196,0.0,0.0
792,197.75,26.02983856201172,28.261581420898438,155.08761596679688,98.9219741821289,97.57806396484375,0.0002361304359510541,0.041302766650915146,21.038013458251953,-341.3863830566406,0.12154597043991089,0.0,0.0
793,198,25.95421028137207,28.538843154907227,155.10289001464844,98.93034362792969,97.45197296142578,0.00024899718118831515,0.041306354105472565,21.03801918029785,-341.3963928222656,0.13378657400608063,0.0,0.0
794,198.25,26.354658126831055,28.202632904052734,152.7344512939453,98.93273162841797,96.85346221923828,0.0002599436847958714,0.04130958020687103,21.03802490234375,-341.3963928222656,0.1887420415878296,0.0,0.0
795,198.5,25.899293899536133,28.884143829345703,157.20875549316406,98.92476654052734,97.29108428955078,0.00026979553513228893,0.04131248593330383,21.038028717041016,-341.3863830566406,0.14796805381774902,0.0,0.0
796,198.75,26.490055084228516,28.420679092407227,153.15806579589844,98.92276763916016,97.53671264648438,0.0002786621917039156,0.04131510108709335,21.03803253173828,-341.3963928222656,0.12538295984268188,0.0,0.0
797,199,26.028654098510742,28.429515838623047,159.41310119628906,98.91400909423828,97.1551742553711,0.00028664220008067787,0.04131745174527168,21.038036346435547,-341.3863830566406,0.15942330658435822,0.0,0.0
798,199.25,26.244308471679688,28.233993530273438,156.4622802734375,98.91519927978516,97.47899627685547,0.00029382421053014696,0.04131956771016121,21.038040161132812,-341.3863830566406,0.12996260821819305,0.0,0.0
799,199.5,26.138856887817383,28.07004165649414,156.7927703857422,98.91360473632812,97.0475082397461,0.00030028799665160477,0.04132147505879402,21.038043975830078,-341.3963928222656,0.16923952102661133,0.0,0.0
800,199.75,25.809423446655273,28.311786651611328,155.07159423828125,98.9132080078125,97.41554260253906,0.0003016699629370123,0.041316110640764236,21.03804588317871,-341.3963928222656,0.13556963205337524,0.0,0.0
801,200,26.74761199951172,28.194700241088867,153.5854949951172,98.90843200683594,97.57273864746094,0.0003029137442354113,0.04131128266453743,21.038047790527344,-341.4063720703125,0.12081347405910492,0.0,0.0
802,200.25,25.796449661254883,28.517019271850586,155.44483947753906,98.91241455078125,97.59443664550781,0.0003040331357624382,0.041306935250759125,21.038049697875977,-341.4063720703125,0.11919573694467545,0.0,0.0
803,200.5,26.185028076171875,28.048473358154297,155.63259887695312,98.90524291992188,97.6108169555664,0.00030504059395752847,0.04130302369594574,21.03805160522461,-341.4164123535156,0.11706022918224335,0.0,0.0
804,200.75,25.410099029541016,27.983980178833008,152.68711853027344,98.90962219238281,97.59362030029297,0.00030594729469157755,0.04129950329661369,21.038053512573242,-341.4164123535156,0.11901909857988358,0.0,0.0
805,201,26.11742401123047,27.55646514892578,155.12501525878906,98.90843200683594,97.68327331542969,0.00031309991027228534,0.0412963330745697,21.038055419921875,-341.4063720703125,0.11075318604707718,0.0,0.0
806,201.25,25.929880142211914,28.100746154785156,154.89833068847656,98.90882873535156,97.55882263183594,0.00031953727011568844,0.04129348322749138,21.038057327270508,-341.3963928222656,0.12211645394563675,0.0,0.0
807,201.5,25.58588981628418,28.085716247558594,156.41648864746094,98.90723419189453,97.18997192382812,0.00032533088233321905,0.04129091650247574,21.03805923461914,-341.3963928222656,0.15563221275806427,0.0,0.0
808,201.75,26.18239402770996,27.520383834838867,157.2415771484375,98.90205383300781,96.75971221923828,0.00033054512459784746,0.04128860682249069,21.038061141967773,-341.3963928222656,0.19459190964698792,0.0,0.0
809,202,26.215492248535156,27.881650924682617,157.32249450683594,98.9068374633789,96.6516342163086,0.00034791711368598044,0.041293609887361526,21.038061141967773,-341.4063720703125,0.2049521654844284,0.0,0.0
810,202.25,26.159921646118164,28.095678329467773,156.7401123046875,98.90524291992188,97.40530395507812,0.000363551895134151,0.04129811003804207,21.038061141967773,-341.3963928222656,0.1357887089252472,0.0,0.0
811,202.5,25.934253692626953,28.049633026123047,158.31321716308594,98.9056396484375,97.15190124511719,0.00037762318970635533,0.041302163153886795,21.038061141967773,-341.3863830566406,0.1589706987142563,0.0,0.0
812,202.75,25.674671173095703,28.00879669189453,154.5395965576172,98.89647674560547,96.81047058105469,0.0003902873722836375,0.04130581021308899,21.038061141967773,-341.3963928222656,0.1894305795431137,0.0,0.0
813,203,25.739120483398438,27.705781936645508,156.46380615234375,98.89647674560547,97.40120697021484,0.00041246943874284625,0.041309092193841934,21.038061141967773,-341.3963928222656,0.1353745460510254,0.0,0.0
814,203.25,25.839235305786133,27.807048797607422,160.6419677734375,98.89568328857422,96.82070922851562,0.0004324332985561341,0.041312046349048615,21.038061141967773,-341.3863830566406,0.18841952085494995,0.0,0.0
815,203.5,26.083467483520508,27.645896911621094,158.2681884765625,98.89767456054688,97.35413360595703,0.0004504007811192423,0.041300542652606964,21.038061141967773,-341.3863830566406,0.13977806270122528,0.0,0.0
816,203.75,25.837493896484375,28.088563919067383,153.20004272460938,98.88372802734375,97.54776763916016,0.0004665715096052736,0.04129019007086754,21.038061141967773,-341.3663635253906,0.12086886167526245,0.0,0.0
817,204,25.55742835998535,27.738027572631836,157.16677856445312,98.88372802734375,97.19488525390625,0.0004817599547095597,0.041280873119831085,21.038061141967773,-341.3763427734375,0.15307128429412842,0.0,0.0
818,204.25,25.339265823364258,27.488801956176758,155.4013214111328,98.88372802734375,97.24482727050781,0.0004954295582138002,0.04127248749136925,21.038061141967773,-341.3763427734375,0.14850664138793945,0.0,0.0
819,204.5,25.077302932739258,27.21833038330078,157.31332397460938,98.88532257080078,97.47899627685547,0.0005077322130091488,0.04125078022480011,21.038061141967773,-341.3763427734375,0.1272783875465393,0.0,0.0
820,204.75,25.457448959350586,28.31744956970215,155.15936279296875,98.87018585205078,97.86503601074219,0.0005188045906834304,0.041231244802474976,21.038061141967773,-341.3763427734375,0.09079861640930176,0.0,0.0
821,205,24.887575149536133,27.58466911315918,153.7221221923828,98.87297058105469,97.5915756225586,0.000528769742231816,0.041213661432266235,21.038061141967773,-341.3763427734375,0.1159123107790947,0.0,0.0
822,205.25,25.609371185302734,28.116790771484375,156.63478088378906,98.87974548339844,97.47694396972656,0.0005244172061793506,0.04119783639907837,21.038061141967773,-341.3763427734375,0.12696407735347748,0.0,0.0
823,205.5,25.833345413208008,27.872087478637695,154.883056640625,98.88093566894531,97.24073028564453,0.0005204999470151961,0.04119067266583443,21.038061141967773,-341.3763427734375,0.14863061904907227,0.0,0.0
824,205.75,25.4847412109375,27.694286346435547,159.5184326171875,98.86898803710938,97.89083099365234,0.0005169744254089892,0.04118422418832779,21.038061141967773,-341.3663635253906,0.08834899216890335,0.0,0.0
825,206,25.418386459350586,27.387216567993164,153.90911865234375,98.87217712402344,97.1817855834961,0.0005138014093972743,0.041178420186042786,21.038061141967773,-341.3763427734375,0.15323059260845184,0.0,0.0
826,206.25,25.238195419311523,27.579416275024414,157.6018524169922,98.88134002685547,97.54326629638672,0.0005109457415528595,0.04117319732904434,21.038061141967773,-341.3763427734375,0.12106426805257797,0.0,0.0
827,206.5,25.512195587158203,27.19148063659668,154.49913024902344,98.8681869506836,97.76555633544922,0.0005083756404928863,0.04116849601268768,21.038061141967773,-341.3763427734375,0.09965503960847855,0.0,0.0
828,206.75,25.78377914428711,27.369468688964844,159.11160278320312,98.8630142211914,97.7164306640625,0.000506062526255846,0.041171345859766006,21.038061141967773,-341.3663635253906,0.10365644842386246,0.0,0.0
829,207,25.444908142089844,27.549339294433594,157.3079833984375,98.8646011352539,97.0540542602539,0.0004811661783605814,0.04117391258478165,21.038061141967773,-341.3563537597656,0.1642370969057083,0.0,0.0
830,207.25,25.867733001708984,27.54068946838379,154.0083465576172,98.8666000366211,96.77485656738281,0.00045875945943407714,0.04117622226476669,21.038061141967773,-341.3563537597656,0.19001536071300507,0.0,0.0
831,207.5,25.3432674407959,26.881296157836914,154.4319610595703,98.86500549316406,97.2362289428711,0.00043859341531060636,0.041178300976753235,21.038061141967773,-341.3663635253906,0.14760969579219818,0.0,0.0
832,207.75,25.19405746459961,27.44179344177246,154.2930450439453,98.85344696044922,96.80065155029297,0.00042044397559948266,0.04118017107248306,21.038061141967773,-341.3763427734375,0.18646448850631714,0.0,0.0
833,208,25.41916275024414,27.223867416381836,155.3914031982422,98.85504150390625,96.99838256835938,0.0003996764135081321,0.04118185490369797,21.038061141967773,-341.3763427734375,0.16847562789916992,0.0,0.0
834,208.25,25.2912540435791,27.01325035095215,154.74032592773438,98.85902404785156,97.69801330566406,0.00038098558434285223,0.04118337109684944,21.038061141967773,-341.3763427734375,0.10497239977121353,0.0,0.0
835,208.5,25.616310119628906,27.26248550415039,156.53936767578125,98.85743713378906,97.23827362060547,0.0003641638613771647,0.04118473455309868,21.038061141967773,-341.3663635253906,0.14674286544322968,0.0,0.0
836,208.75,25.50552749633789,26.74645233154297,155.26698303222656,98.85145568847656,97.36723327636719,0.00034902431070804596,0.04118596017360687,21.038061141967773,-341.3663635253906,0.13442827761173248,0.0,0.0
837,209,24.840412139892578,27.628023147583008,156.13406372070312,98.85385131835938,96.98528289794922,0.00033476564567536116,0.04118706285953522,21.038061141967773,-341.3663635253906,0.1695689558982849,0.0,0.0
838,209.25,24.868804931640625,27.093339920043945,151.95361328125,98.8606185913086,96.84772491455078,0.00032193283550441265,0.04118805751204491,21.038061141967773,-341.3763427734375,0.18278971314430237,0.0,0.0
839,209.5,25.417720794677734,27.11681365966797,156.2951202392578,98.85902404785156,97.68000030517578,0.00031038332963362336,0.04118895158171654,21.038061141967773,-341.3663635253906,0.10661157965660095,0.0,0.0
840,209.75,25.303272247314453,27.14438819885254,157.62704467773438,98.83910369873047,97.01679992675781,0.00029998875106684864,0.041189756244421005,21.038061141967773,-341.3663635253906,0.16535592079162598,0.0,0.0
841,210,24.8878116607666,27.07599449157715,154.78689575195312,98.84786987304688,97.88346099853516,0.0002906336449086666,0.041190482676029205,21.038061141967773,-341.3663635253906,0.08711972832679749,0.0,0.0
842,210.25,25.23247718811035,26.656282424926758,155.74708557128906,98.84349060058594,97.58338165283203,0.00028221405227668583,0.041191134601831436,21.038061141967773,-341.3663635253906,0.11400818079710007,0.0,0.0
843,210.5,25.072460174560547,27.08713722229004,154.0694122314453,98.8466796875,97.63619232177734,0.0002746364043559879,0.04119880124926567,21.038061141967773,-341.3663635253906,0.10948725789785385,0.0,0.0
844,210.75,25.050947189331055,27.04448699951172,154.66018676757812,98.81878662109375,97.80240631103516,0.00026718314620666206,0.04120570421218872,21.038061141967773,-341.3663635253906,0.09186592698097229,0.0,0.0
845,211,24.707544326782227,27.210901260375977,156.6935577392578,98.8303451538086,97.34185028076172,0.0002604752080515027,0.04121191427111626,21.037996292114258,-341.3563537597656,0.1348477005958557,0.0,0.0
846,211.25,24.8327579498291,27.168933868408203,154.90977478027344,98.8267593383789,97.30172729492188,0.00025443805498071015,0.04121750593185425,21.037939071655273,-341.3663635253906,0.13818877935409546,0.0,0.0
847,211.5,25.34052085876465,26.76421356201172,154.82276916503906,98.83631896972656,97.28985595703125,0.0002490046317689121,0.04122961685061455,21.037887573242188,-341.3663635253906,0.14013154804706573,0.0,0.0
848,211.75,24.85903549194336,26.58617401123047,154.7792510986328,98.81161499023438,97.29108428955078,0.00024411453341599554,0.04124051705002785,21.037839889526367,-341.3663635253906,0.1377987265586853,0.0,0.0
849,212,25.147689819335938,26.704042434692383,157.27134704589844,98.83352661132812,97.60671997070312,0.00024351269530598074,0.041250329464673996,21.037797927856445,-341.3563537597656,0.11098752170801163,0.0,0.0
850,212.25,24.843996047973633,27.080472946166992,155.63565063476562,98.81520080566406,97.49004364013672,0.00024297104391735047,0.04125915840268135,21.03775978088379,-341.3563537597656,0.11996806412935257,0.0,0.0
851,212.5,25.0737361907959,26.450857162475586,157.82701110839844,98.8167953491211,97.561279296875,0.00024248355475720018,0.04126710444688797,21.0377254486084,-341.3663635253906,0.11362124979496002,0.0,0.0
852,212.75,24.756921768188477,26.892728805541992,158.32696533203125,98.81082153320312,97.13716125488281,0.0002464784774929285,0.04127425700426102,21.037694931030273,-341.3763427734375,0.15179680287837982,0.0,0.0
853,213,24.952733993530273,26.99778938293457,153.84423828125,98.81918334960938,97.83597564697266,0.0002500739064998925,0.04128069430589676,21.03766632080078,-341.3963928222656,0.0888523980975151,0.0,0.0
854,213.25,24.33879852294922,26.865814208984375,154.8990936279297,98.82476806640625,97.33734893798828,0.00025330978678539395,0.04124400392174721,21.037641525268555,-341.3963928222656,0.1347569227218628,0.0,0.0
855,213.5,24.882217407226562,26.952980041503906,151.45672607421875,98.81241607666016,96.94515991210938,0.00025622209068387747,0.04121098294854164,21.03761863708496,-341.3963928222656,0.16952116787433624,0.0,0.0
856,213.75,24.494680404663086,26.28277587890625,153.2855224609375,98.80245208740234,96.85140991210938,0.00025884315255098045,0.04118126630783081,21.03759765625,-341.3863830566406,0.17722177505493164,0.0,0.0
857,214,24.90692710876465,26.703598022460938,154.53347778320312,98.81719207763672,96.94884490966797,0.00026120213442482054,0.041154518723487854,21.037578582763672,-341.3863830566406,0.16961261630058289,0.0,0.0
858,214.25,24.492387771606445,26.625654220581055,156.6332550048828,98.8056411743164,97.42454528808594,0.00026332520064897835,0.04113752767443657,21.037561416625977,-341.3863830566406,0.12508006393909454,0.0,0.0
859,214.5,25.129932403564453,26.626142501831055,158.63150024414062,98.79528045654297,97.65953063964844,0.0002652359544299543,0.04112223535776138,21.037546157836914,-341.3863830566406,0.10274238884449005,0.0,0.0
860,214.75,24.9674015045166,26.555845260620117,157.86669921875,98.79488372802734,97.21002960205078,0.00026695564156398177,0.041108474135398865,21.037532806396484,-341.3763427734375,0.14369995892047882,0.0,0.0
861,215,24.87521743774414,26.781936645507812,153.72288513183594,98.79328918457031,96.64876556396484,0.0002685033541638404,0.04109608754515648,21.037521362304688,-341.3763427734375,0.19500850141048431,0.0,0.0
862,215.25,24.91033363342285,26.847164154052734,163.43861389160156,98.79767608642578,96.80105590820312,0.0002654626441653818,0.04108494147658348,21.03750991821289,-341.3663635253906,0.18141363561153412,0.0,0.0
863,215.5,24.628787994384766,26.484451293945312,157.42477416992188,98.78890991210938,97.45606994628906,0.0002627260109875351,0.04108906909823418,21.037500381469727,-341.3663635253906,0.12070062011480331,0.0,0.0
864,215.75,24.498830795288086,26.402921676635742,158.13690185546875,98.77616119384766,97.18096160888672,0.0002602630411274731,0.04109278321266174,21.037492752075195,-341.3763427734375,0.14467337727546692,0.0,0.0
865,216,24.695873260498047,26.718677520751953,157.6690216064453,98.79448699951172,97.06552124023438,0.000258046347880736,0.041096124798059464,21.037485122680664,-341.3663635253906,0.15688323974609375,0.0,0.0
866,216.25,24.756038665771484,26.821035385131836,156.63172912597656,98.78731536865234,96.88334655761719,0.0002560513385105878,0.04109913110733032,21.037477493286133,-341.3663635253906,0.1729302704334259,0.0,0.0
867,216.5,24.481788635253906,25.906482696533203,158.26742553710938,98.77775573730469,96.99551391601562,0.00025425583589822054,0.041101839393377304,21.037471771240234,-341.3763427734375,0.1617889106273651,0.0,0.0
868,216.75,24.311979293823242,26.040016174316406,155.4669647216797,98.79010009765625,97.31646728515625,0.0002450421452522278,0.04112551733851433,21.037466049194336,-341.3863830566406,0.13354554772377014,0.0,0.0
869,217,24.537429809570312,26.50787353515625,155.7203826904297,98.77456665039062,97.57806396484375,0.0002367498236708343,0.04114682972431183,21.037460327148438,-341.3763427734375,0.10829440504312515,0.0,0.0
870,217.25,24.4664363861084,26.33321762084961,156.67218017578125,98.77735137939453,96.97381591796875,0.00022928672842681408,0.04116600751876831,21.037456512451172,-341.3663635253906,0.1637410670518875,0.0,0.0
871,217.5,24.676509857177734,26.235157012939453,153.80836486816406,98.7769546508789,97.33284759521484,0.00022256994270719588,0.04118327051401138,21.037452697753906,-341.3663635253906,0.1308676302433014,0.0,0.0
872,217.75,24.649188995361328,26.15814781188965,160.20767211914062,98.76500701904297,97.13143157958984,0.0002108281769324094,0.04119880497455597,21.03744888305664,-341.3663635253906,0.14819934964179993,0.0,0.0
873,218,24.85996437072754,26.237638473510742,155.1173858642578,98.76580047607422,97.43968963623047,0.00020026059064548463,0.04121986776590347,21.037445068359375,-341.3763427734375,0.12011541426181793,0.0,0.0
874,218.25,24.475473403930664,25.996910095214844,153.20233154296875,98.76341247558594,96.87883758544922,0.00019074976444244385,0.041238825768232346,21.03744125366211,-341.3763427734375,0.1711941957473755,0.0,0.0
875,218.5,24.659509658813477,26.170143127441406,156.6332550048828,98.76022338867188,97.45647430419922,0.00016942420916166157,0.0412558875977993,21.037439346313477,-341.3763427734375,0.11808361858129501,0.0,0.0
876,218.75,24.392574310302734,26.444873809814453,155.99362182617188,98.75703430175781,97.63660430908203,0.00016942420916166157,0.04127124324440956,21.037437438964844,-341.3863830566406,0.10138840973377228,0.0,0.0
877,219,24.584217071533203,26.30428695678711,160.10691833496094,98.76142120361328,97.00902557373047,0.00015793497732374817,0.0412709005177021,21.03743553161621,-341.3863830566406,0.15908202528953552,0.0,0.0
878,219.25,24.511341094970703,26.536378860473633,156.52487182617188,98.76978302001953,97.04627990722656,0.00014759466284886003,0.04127059131860733,21.037433624267578,-341.3763427734375,0.1564221829175949,0.0,0.0
879,219.5,24.124176025390625,26.00670051574707,159.15359497070312,98.75265502929688,97.64070129394531,0.00013828837836626917,0.041270315647125244,21.037431716918945,-341.3763427734375,0.10062073916196823,0.0,0.0
880,219.75,24.456979751586914,25.80191421508789,158.26742553710938,98.73910522460938,97.40448760986328,0.00012864732707384974,0.04127006605267525,21.037429809570312,-341.3663635253906,0.12092424929141998,0.0,0.0
881,220,24.594451904296875,26.436817169189453,161.43043518066406,98.74269104003906,97.65789031982422,0.00011997039109701291,0.04126984253525734,21.03742790222168,-341.3663635253906,0.09816019237041473,0.0,0.0
882,220.25,24.018939971923828,25.735492706298828,160.87095642089844,98.74309539794922,97.25751495361328,0.00011216114216949791,0.041262559592723846,21.037425994873047,-341.3463439941406,0.13470163941383362,0.0,0.0
883,220.5,24.456470489501953,26.285646438598633,155.87684631347656,98.7379150390625,97.01107025146484,0.00011216114216949791,0.04125600308179855,21.037425994873047,-341.3563537597656,0.1567791849374771,0.0,0.0
884,220.75,24.140005111694336,26.317827224731445,154.09994506835938,98.73592376708984,97.04996490478516,0.00010513282177271321,0.04125010222196579,21.037424087524414,-341.3563537597656,0.15303798019886017,0.0,0.0
885,221,24.193077087402344,25.945594787597656,154.8212432861328,98.73273468017578,97.27021026611328,9.880732977762818e-05,0.04124479368329048,21.037424087524414,-341.3663635253906,0.13260847330093384,0.0,0.0
886,221.25,23.578495025634766,25.899011611938477,156.9202423095703,98.73233795166016,97.19365692138672,9.437977860216051e-05,0.041240014135837555,21.037424087524414,-341.3663635253906,0.139569491147995,0.0,0.0
887,221.5,24.201200485229492,25.935792922973633,154.66552734375,98.72875213623047,96.77362823486328,9.039498399943113e-05,0.04123571142554283,21.037424087524414,-341.3563537597656,0.17773056030273438,0.0,0.0
888,221.75,24.297733306884766,25.443479537963867,158.5902862548828,98.7155990600586,97.26406860351562,8.680867176735774e-05,0.04123184084892273,21.037424087524414,-341.3563537597656,0.13162745535373688,0.0,0.0
889,222,23.58416175842285,25.34592628479004,154.2869415283203,98.72396850585938,96.6373062133789,8.358098421012983e-05,0.04122835770249367,21.037424087524414,-341.3563537597656,0.1898256242275238,0.0,0.0
890,222.25,23.44949722290039,25.028696060180664,155.13571166992188,98.72755432128906,96.97545623779297,8.00435445853509e-05,0.041218142956495285,21.037424087524414,-341.3663635253906,0.15911012887954712,0.0,0.0
891,222.5,23.5213623046875,25.242525100708008,156.29893493652344,98.7120132446289,97.07779693603516,7.685984746785834e-05,0.04120894894003868,21.037424087524414,-341.3663635253906,0.1483389437198639,0.0,0.0
892,222.75,23.70319938659668,25.048568725585938,157.61558532714844,98.71759796142578,96.98118591308594,7.3994517151732e-05,0.0412006750702858,21.037424087524414,-341.3663635253906,0.15768873691558838,0.0,0.0
893,223,24.4608211517334,25.99574851989746,153.0992889404297,98.72277069091797,96.66473388671875,7.141572132240981e-05,0.04119322821497917,21.037424087524414,-341.3663635253906,0.18719571828842163,0.0,0.0
894,223.25,24.34819221496582,26.059785842895508,156.54852294921875,98.72755432128906,96.80351257324219,6.276923522818834e-05,0.04118652641773224,21.037424087524414,-341.3763427734375,0.17487893998622894,0.0,0.0
895,223.5,23.855243682861328,25.474008560180664,157.80335998535156,98.72038269042969,97.3230209350586,5.4987394833005965e-05,0.04118652641773224,21.03719139099121,-341.3763427734375,0.12667375802993774,0.0,0.0
896,223.75,23.818513870239258,25.565383911132812,156.01576232910156,98.7179946899414,96.88006591796875,4.7983736294554546e-05,0.041166335344314575,21.0369815826416,-341.3763427734375,0.1669943928718567,0.0,0.0
897,224,23.378576278686523,24.788902282714844,152.99853515625,98.7179946899414,96.84445190429688,4.1680446884129196e-05,0.04114816337823868,21.036792755126953,-341.3763427734375,0.17026107013225555,0.0,0.0
898,224.25,23.00511360168457,25.07831382751465,156.81185913085938,98.71360778808594,97.32670593261719,3.094758358201943e-05,0.04113180935382843,21.036623001098633,-341.3663635253906,0.1257276087999344,0.0,0.0
899,224.5,23.262619018554688,25.41577911376953,154.48997497558594,98.71121978759766,97.1957015991211,2.128800770151429e-05,0.04111709073185921,21.036470413208008,-341.3663635253906,0.1374816745519638,0.0,0.0
900,224.75,23.336545944213867,25.501192092895508,155.92340087890625,98.7080307006836,97.1285629272461,1.2594388863362838e-05,0.041110921651124954,21.036333084106445,-341.3763427734375,0.14333412051200867,0.0,0.0
901,225,23.88811492919922,25.229310989379883,151.9284210205078,98.7044448852539,97.03768157958984,4.770131454279181e-06,0.041105370968580246,21.036209106445312,-341.3763427734375,0.15133027732372284,0.0,0.0
902,225.25,24.523983001708984,25.903432846069336,160.8159942626953,98.69847106933594,97.0012435913086,-2.2716999410477e-06,0.04110037535429001,21.03609848022461,-341.3763427734375,0.15412907302379608,0.0,0.0
903,225.5,24.019561767578125,25.72113800048828,156.9835968017578,98.69528198242188,96.90217590332031,-2.2716999410477e-06,0.041095878928899765,21.03609848022461,-341.3663635253906,0.16292156279087067,0.0,0.0
904,225.75,23.900928497314453,25.924104690551758,155.29598999023438,98.70365142822266,97.1355209350586,1.5107798390090466e-06,0.041091833263635635,21.035999298095703,-341.3663635253906,0.1423031985759735,0.0,0.0
905,226,24.270498275756836,26.13468360900879,154.3907470703125,98.7004623413086,97.1957015991211,7.978820576681755e-06,0.04108818992972374,21.035829544067383,-341.3763427734375,0.1365126669406891,0.0,0.0
906,226.25,23.618366241455078,25.267484664916992,153.6404571533203,98.70085906982422,96.5648422241211,7.978820576681755e-06,0.04108491167426109,21.035829544067383,-341.3563537597656,0.1944105476140976,0.0,0.0
907,226.5,24.164108276367188,25.372154235839844,161.7151336669922,98.6881103515625,97.400390625,1.0736248441389762e-05,0.04108196124434471,21.035757064819336,-341.3363342285156,0.1167079284787178,0.0,0.0
908,226.75,24.008588790893555,25.3979549407959,154.88841247558594,98.68093872070312,96.81047058105469,3.093944542342797e-05,0.04109346494078636,21.03569221496582,-341.3963928222656,0.17004388570785522,0.0,0.0
909,227,23.7830867767334,25.581615447998047,155.4639129638672,98.6853256225586,96.20172119140625,4.912232543574646e-05,0.04110381752252579,21.035633087158203,-341.3863830566406,0.22648948431015015,0.0,0.0
910,227.25,24.199129104614258,25.645587921142578,156.18215942382812,98.69010162353516,96.7326889038086,6.548691453645006e-05,0.04111313447356224,21.035579681396484,-341.3463439941406,0.17801088094711304,0.0,0.0
911,227.5,23.517562866210938,25.722156524658203,155.84707641601562,98.67616271972656,97.18751525878906,8.021504618227482e-05,0.04112152010202408,21.035531997680664,-341.3863830566406,0.13507409393787384,0.0,0.0
912,227.75,23.53363800048828,25.276439666748047,159.26426696777344,98.68651580810547,98.12950134277344,9.347036393592134e-05,0.04112906754016876,21.03548812866211,-341.3863830566406,0.050295326858758926,0.0,0.0
913,228,23.58257293701172,24.814678192138672,160.28323364257812,98.68253326416016,97.83392333984375,0.00010540014773141593,0.04114294424653053,21.035449981689453,-341.4164123535156,0.07674291729927063,0.0,0.0
914,228.25,23.295331954956055,24.52920913696289,156.6263885498047,98.694091796875,97.29149627685547,0.00011613695096457377,0.04115543141961098,21.035415649414062,-341.3763427734375,0.12718649208545685,0.0,0.0
915,228.5,23.48051643371582,24.587444305419922,155.1257781982422,98.66580200195312,97.03235626220703,0.00013086637773085386,0.04115543141961098,21.035383224487305,-341.4063720703125,0.14833790063858032,0.0,0.0
916,228.75,23.117271423339844,24.810237884521484,156.88055419921875,98.6741714477539,96.72000122070312,0.00014412285236176103,0.04116667062044144,21.035354614257812,-341.3263244628906,0.17774195969104767,0.0,0.0
917,229,23.366546630859375,24.91498565673828,156.0737762451172,98.67337036132812,96.75315856933594,0.00015605369117110968,0.04116464778780937,21.035329818725586,-341.4364318847656,0.1746244877576828,0.0,0.0
918,229.25,23.87125587463379,25.53388214111328,156.127197265625,98.66859436035156,97.55309295654297,0.00016679143300279975,0.04116464778780937,21.035306930541992,-341.3563537597656,0.10103023052215576,0.0,0.0
919,229.5,23.117015838623047,25.180551528930664,156.5057830810547,98.66619873046875,96.99305725097656,0.0001688562915660441,0.04115372523665428,21.03528594970703,-341.3763427734375,0.15197278559207916,0.0,0.0
920,229.75,23.734174728393555,24.99527931213379,155.4463653564453,98.67456817626953,96.52185821533203,0.00017071467300411314,0.04114389419555664,21.035266876220703,-341.3563537597656,0.1960001438856125,0.0,0.0
921,230,23.796850204467773,25.226953506469727,156.9072723388672,98.66899108886719,96.60865020751953,0.0001723872119328007,0.041135046631097794,21.035249710083008,-341.3463439941406,0.18751101195812225,0.0,0.0
922,230.25,23.71770477294922,25.15558624267578,153.91676330566406,98.68014526367188,97.30459594726562,0.00017389249114785343,0.04112708196043968,21.035234451293945,-341.3863830566406,0.12473434954881668,0.0,0.0
923,230.5,23.74986457824707,25.637216567993164,156.15696716308594,98.67257690429688,97.67918395996094,0.0001651200873311609,0.04111991450190544,21.035221099853516,-341.3863830566406,0.08991154283285141,0.0,0.0
924,230.75,23.86649513244629,25.228870391845703,156.46914672851562,98.6566390991211,96.8460922241211,0.00015011928917374462,0.04112762212753296,21.0356388092041,-341.4164123535156,0.16458648443222046,0.0,0.0
925,231,23.618499755859375,25.05632781982422,153.99156188964844,98.65504455566406,96.889892578125,0.00015011928917374462,0.041134558618068695,21.0356388092041,-341.3263244628906,0.16042515635490417,0.0,0.0
926,231.25,23.4257869720459,25.615554809570312,156.5599822998047,98.66978454589844,96.76011657714844,0.00014372420264407992,0.04114080220460892,21.035816192626953,-341.5364990234375,0.17366160452365875,0.0,0.0
927,231.5,23.358003616333008,25.187171936035156,158.98033142089844,98.64030456542969,96.75111389160156,0.00013290709466673434,0.041146423667669296,21.03597640991211,-341.3963928222656,0.17183318734169006,0.0,0.0
928,231.75,23.375215530395508,25.035341262817383,156.5637969970703,98.65464782714844,97.5809326171875,0.00012317168875597417,0.04115148261189461,21.03611946105957,-341.3863830566406,0.09723929315805435,0.0,0.0
929,232,22.976665496826172,24.39206886291504,152.8367156982422,98.67456817626953,97.61981964111328,0.0001144098278018646,0.041184358298778534,21.0362491607666,-341.4564514160156,0.09549254179000854,0.0,0.0
930,232.25,22.796615600585938,24.375211715698242,155.5219268798828,98.65345001220703,97.70783996582031,0.00010652415221557021,0.04121394455432892,21.036365509033203,-341.3963928222656,0.08558186888694763,0.0,0.0
931,232.5,23.595212936401367,24.5150089263916,162.11814880371094,98.64309692382812,97.46302795410156,0.00010132492025149986,0.041240572929382324,21.036470413208008,-341.3563537597656,0.10694126039743423,0.0,0.0
932,232.75,23.02892303466797,24.592254638671875,154.79376220703125,98.65026092529297,97.49004364013672,9.664561366662383e-05,0.04126453772187233,21.03656578063965,-341.3863830566406,0.10512419044971466,0.0,0.0
933,233,23.25832748413086,24.859689712524414,153.54885864257812,98.66619873046875,97.32833862304688,9.243423846783116e-05,0.04125778377056122,21.036651611328125,-341.3863830566406,0.12130981683731079,0.0,0.0
934,233.25,23.00628089904785,24.382997512817383,156.22947692871094,98.65106201171875,97.3795166015625,8.864399569574744e-05,0.04125170409679413,21.036727905273438,-341.3763427734375,0.1152755543589592,0.0,0.0
935,233.5,23.180179595947266,24.742382049560547,157.98577880859375,98.6415023803711,97.50969696044922,8.523277938365936e-05,0.041246235370635986,21.03656578063965,-341.3663635253906,0.10254344344139099,0.0,0.0
936,233.75,23.2066650390625,24.927419662475586,156.3607635498047,98.65145874023438,97.29804992675781,8.216268179239705e-05,0.04123688116669655,21.036418914794922,-341.3463439941406,0.12274853140115738,0.0,0.0
937,234,23.448766708374023,24.737442016601562,153.92286682128906,98.63871002197266,97.36600494384766,7.939959323266521e-05,0.04123688116669655,21.036287307739258,-341.3663635253906,0.11539579927921295,0.0,0.0
938,234.25,23.33142852783203,24.964353561401367,155.76083374023438,98.64389038085938,97.33734893798828,8.134217205224559e-05,0.04124705493450165,21.036169052124023,-341.3363342285156,0.11847872287034988,0.0,0.0
939,234.5,23.158550262451172,24.565265655517578,161.59072875976562,98.629150390625,97.17154693603516,8.309049007948488e-05,0.04125621169805527,21.03619384765625,-341.3563537597656,0.13229957222938538,0.0,0.0
940,234.75,23.42123031616211,24.38845443725586,153.62289428710938,98.64309692382812,96.88170623779297,8.466398139717057e-05,0.041264452040195465,21.03621482849121,-341.3363342285156,0.16009953618049622,0.0,0.0
941,235,23.201669692993164,25.028146743774414,153.19927978515625,98.62875366210938,96.82070922851562,,0.0412718690931797,,-341.3663635253906,0.16440348327159882,0.0,0.0
942,235.25,23.36351776123047,24.887819290161133,152.3413543701172,98.62197875976562,97.57929229736328,,0.041321031749248505,,-341.3463439941406,0.09444558620452881,0.0,0.0
943,235.5,23.700584411621094,24.5843448638916,154.27244567871094,98.62158203125,97.35167694091797,,0.04136527702212334,,-341.3663635253906,0.11516053974628448,0.0,0.0
944,235.75,23.145416259765625,25.05488395690918,154.61668395996094,98.63433074951172,97.51215362548828,,0.041405096650123596,,-341.3463439941406,0.10167429596185684,0.0,0.0
945,236,23.301189422607422,24.61270523071289,158.70249938964844,98.61799621582031,97.39097595214844,,0.0414409376680851,,-341.3563537597656,0.11125113815069199,0.0,0.0
946,236.25,23.16634750366211,24.375333786010742,154.2831268310547,98.6052474975586,96.90013122558594,,0.04147319123148918,,-341.3563537597656,0.15499933063983917,0.0,0.0
947,236.5,23.317062377929688,24.55756187438965,157.6239776611328,98.61918640136719,97.46630096435547,,0.041502222418785095,,-341.3563537597656,0.10448875278234482,0.0,0.0
948,236.75,23.033061981201172,24.388580322265625,154.78460693359375,98.61839294433594,96.5967788696289,,0.04160626232624054,,-341.3563537597656,0.1840452402830124,0.0,0.0
949,237,23.593408584594727,24.324844360351562,159.30014038085938,98.61321258544922,97.07247924804688,,0.04169989749789238,,-341.3263244628906,0.13992717862129211,0.0,0.0
950,237.25,23.35580825805664,24.451339721679688,160.48321533203125,98.60086059570312,97.26529693603516,,0.041784171015024185,,-341.3263244628906,0.12118130177259445,0.0,0.0
951,237.5,22.901485443115234,24.361513137817383,156.65309143066406,98.60245513916016,96.52349853515625,,0.04186001792550087,,-341.3363342285156,0.18935281038284302,0.0,0.0
952,237.75,23.467533111572266,24.384817123413086,154.74185180664062,98.59727478027344,97.71807098388672,,0.041928280144929886,,-341.3463439941406,0.07959046959877014,0.0,0.0
953,238,22.89459991455078,24.659894943237305,155.51048278808594,98.59727478027344,97.252197265625,,,,-341.3463439941406,0.1220548078417778,0.0,0.0
954,238.25,22.81862449645996,24.373844146728516,158.89483642578125,98.59130096435547,97.0806655883789,,,,-341.3563537597656,0.1372031718492508,0.0,0.0
955,238.5,23.570430755615234,24.42404556274414,152.1367950439453,98.58373260498047,96.83667755126953,,,,-341.3863830566406,0.15888121724128723,0.0,0.0
956,238.75,23.216705322265625,24.42414665222168,157.70489501953125,98.58970642089844,98.0013656616211,,,,-341.3863830566406,0.053185075521469116,0.0,0.0
957,239,23.217023849487305,24.274869918823242,152.9107666015625,98.59090423583984,97.57273864746094,,,,-341.3863830566406,0.0922422781586647,0.0,0.0
958,239.25,23.112089157104492,24.61552619934082,155.85012817382812,98.56779479980469,97.70538330078125,,,,-341.3663635253906,0.07808700203895569,0.0,0.0
959,239.5,22.776493072509766,24.466259002685547,158.9253692626953,98.56580352783203,97.9198989868164,,,,-341.3763427734375,0.05841981992125511,0.0,0.0
960,239.75,22.93239402770996,24.91789436340332,153.88241577148438,98.57098388671875,97.68000030517578,,,,-341.3763427734375,0.08068326860666275,0.0,0.0
961,240,23.068391799926758,24.355911254882812,155.65931701660156,98.57337188720703,97.0278549194336,,,,-341.3863830566406,0.14042244851589203,0.0,0.0
962,240.25,23.1378231048584,24.393775939941406,156.09742736816406,98.56062316894531,97.4376449584961,,,,-341.3763427734375,0.10182404518127441,0.0,0.0
963,240.5,23.17656898498535,24.364347457885742,157.0240478515625,98.56261444091797,97.11177825927734,,,,-341.3763427734375,0.13177043199539185,0.0,0.0
964,240.75,22.550046920776367,24.253684997558594,155.09066772460938,98.57695770263672,97.45484161376953,,,,-341.3763427734375,0.10172770172357559,0.0,0.0
965,241,22.87253761291504,24.302343368530273,157.78045654296875,98.55146026611328,97.11710357666016,,,,-341.3863830566406,0.13027681410312653,0.0,0.0
966,241.25,23.553747177124023,24.519153594970703,155.60435485839844,98.54986572265625,97.02498626708984,,,,-341.3763427734375,0.1385652720928192,0.0,0.0
967,241.5,22.95659065246582,24.560087203979492,155.81272888183594,98.54229736328125,96.52391052246094,,,,-341.3763427734375,0.1838916838169098,0.0,0.0
968,241.75,23.17234230041504,24.035411834716797,155.32728576660156,98.53990936279297,97.0012435913086,,,,-341.3663635253906,0.1398427039384842,0.0,0.0
969,242,22.950239181518555,24.742521286010742,158.8559112548828,98.53831481933594,97.24114227294922,,,,-341.3763427734375,0.11775016784667969,0.0,0.0
970,242.25,22.76498031616211,24.676767349243164,156.74087524414062,98.53114318847656,97.36641693115234,,,,-341.3663635253906,0.10566328465938568,0.0,0.0
971,242.5,22.951326370239258,23.909711837768555,156.8981170654297,98.53034210205078,97.01311492919922,,,,-341.3663635253906,0.13789260387420654,0.0,0.0
972,242.75,22.769678115844727,24.133298873901367,152.9069366455078,98.5327377319336,96.95498657226562,,,,-341.3663635253906,0.14343416690826416,0.0,0.0
973,243,23.026866912841797,24.14088249206543,155.5158233642578,98.53632354736328,96.47846221923828,,,,-341.3663635253906,0.18753798305988312,0.0,0.0
974,243.25,23.404544830322266,24.336910247802734,159.26121520996094,98.52078247070312,97.17318725585938,,,,-341.3563537597656,0.12238077819347382,0.0,0.0
975,243.5,22.74799346923828,24.289871215820312,154.22129821777344,98.52556610107422,97.07329559326172,,,,-341.3563537597656,0.1319509893655777,0.0,0.0
976,243.75,23.432153701782227,24.128873825073242,152.69322204589844,98.53234100341797,96.29874420166016,,,,-341.3663635253906,0.20374618470668793,0.0,0.0
977,244,22.388927459716797,24.42989730834961,160.78240966796875,98.53193664550781,96.72654724121094,,,,-341.3963928222656,0.1643223613500595,0.0,0.0
978,244.25,22.74071502685547,24.276611328125,153.9243927001953,98.51441192626953,96.73187255859375,,,,-341.3763427734375,0.16225281357765198,0.0,0.0
979,244.5,23.070510864257812,24.38681983947754,154.99984741210938,98.5279541015625,96.70362854003906,,,,-341.3863830566406,0.1660691648721695,0.0,0.0
980,244.75,22.958873748779297,24.396268844604492,158.88568115234375,98.53353118896484,96.6303482055664,,,,-341.3763427734375,0.17330841720104218,0.0,0.0
981,245,22.74213981628418,23.53595733642578,159.67567443847656,98.53751373291016,97.0208969116211,,,,-341.3763427734375,0.13782688975334167,0.0,0.0
982,245.25,22.996721267700195,24.559452056884766,158.0445556640625,98.52476501464844,96.90013122558594,,,,-341.3763427734375,0.1477440893650055,0.0,0.0
983,245.5,22.478452682495117,23.676000595092773,153.16798400878906,98.53074645996094,97.05078125,,,,-341.3863830566406,0.13447940349578857,0.0,0.0
984,245.75,22.628761291503906,23.971202850341797,156.59127807617188,98.53234100341797,96.77567291259766,,,,-341.3963928222656,0.15984778106212616,0.0,0.0
